order_id,user_id,order_number,order_dow,order_hour_of_day,days_since_prior_order,client1545925435640,0,0,23,3,27,iOS
1545925435640,1,0,23,3,27,iOS
1545925577160,0,0,23,3,27,pc
1545925577160,0,1,23,3,27,pc
1545925577160,0,2,23,3,27,pc
1545925577896,1,0,23,3,27,pc
1545925847728,0,0,23,3,27,pc
1545925847729,1,0,23,3,27,Android
1545925847728,0,1,23,3,27,pc
1545925847729,1,1,23,3,27,Android
1545925847729,1,2,23,3,27,Android
1545925847753,0,0,23,3,27,Android
1545925847753,1,0,23,3,27,Android
1545925847753,1,1,23,3,27,Android
1545925847847,0,0,23,3,27,iOS
1545925847847,1,0,23,3,27,iOS
1545925847847,0,1,23,3,27,iOS
1545925847847,1,1,23,3,27,iOS
1545925847908,0,0,23,3,27,Android
1545925847909,1,0,23,3,27,pc
1545925847909,1,1,23,3,27,pc
1545925847909,1,2,23,3,27,pc
1545925847955,0,0,23,3,27,iOS
1545925847955,1,0,23,3,27,pc
1545925847955,1,1,23,3,27,pc

1545925847977,0,0,23,3,27,Android
1545925847977,1,0,23,3,27,pc
1545925847977,0,1,23,3,27,Android
1545925847977,1,1,23,3,27,pc
1545925847977,0,2,23,3,27,Android
1545925848044,0,0,23,3,27,pc
1545925848044,1,0,23,3,27,iOS
1545925848044,0,1,23,3,27,pc
1545925848044,1,1,23,3,27,iOS
1545925848064,0,0,23,3,27,pc
1545925848065,1,0,23,3,27,iOS
1545925848064,0,1,23,3,27,pc
1545925848065,1,1,23,3,27,iOS
1545925848065,1,2,23,3,27,iOS
1545925848092,0,0,23,3,27,Android
1545925848093,1,0,23,3,27,pc
1545925848092,0,1,23,3,27,Android
1545925848092,0,2,23,3,27,Android
1545925848119,0,0,23,3,27,iOS
1545925848120,1,0,23,3,27,pc
1545925848120,1,1,23,3,27,pc
1545925848119,0,1,23,3,27,iOS
1545925848120,1,2,23,3,27,pc
1545925848181,1,0,23,3,27,pc
1545925848181,1,1,23,3,27,pc
1546005277138,0,0,21,4,28,pc
1546005277138,1,0,21,4,28,Android
1546005277139,2,0,21,4,28,pc
1546005277139,3,0,21,4,28,pc
1546005277139,4,0,21,4,28,pc
1546005277140,5,0,21,4,28,iOS
1546005277140,6,0,21,4,28,pc
1546005277141,7,0,21,4,28,Android
1546005277141,7,1,21,4,28,Android
1546005277140,6,1,21,4,28,pc
1546005277139,4,1,21,4,28,pc
1546005277140,5,1,21,4,28,iOS
1546005277139,3,1,21,4,28,pc
1546005277138,0,1,21,4,28,pc
1546005277139,2,1,21,4,28,pc
1546005277141,7,2,21,4,28,Android
1546005277139,2,2,21,4,28,pc

1546005277140,6,2,21,4,28,pc
1546005277138,0,2,21,4,28,pc
1546005277139,4,2,21,4,28,pc
1546005277141,7,3,21,4,28,Android
1546005277140,5,3,21,4,28,iOS
1546005277139,4,3,21,4,28,pc
1546005277138,0,3,21,4,28,pc
1546005277140,6,3,21,4,28,pc
1546005277139,4,4,21,4,28,pc
1546005277138,0,4,21,4,28,pc
1546005277140,5,4,21,4,28,iOS
1546005277140,6,4,21,4,28,pc
1546005277138,0,5,21,4,28,pc
1546005277139,4,5,21,4,28,pc
1546005277140,6,5,21,4,28,pc
1546005277140,5,5,21,4,28,iOS
1546005277138,0,6,21,4,28,pc
1546005277140,5,6,21,4,28,iOS
1546005277139,4,6,21,4,28,pc
1546005277140,6,6,21,4,28,pc
1546005277138,0,7,21,4,28,pc
1546005277140,6,7,21,4,28,pc
1546005277139,4,7,21,4,28,pc
1546005277140,5,7,21,4,28,iOS
1546005277139,4,8,21,4,28,pc
1546005277140,5,8,21,4,28,iOS
1546005277140,5,9,21,4,28,iOS
1546005277139,4,9,21,4,28,pc
1546005277269,0,0,21,4,28,pc
1546005277269,1,0,21,4,28,Android
1546005277270,2,0,21,4,28,pc
1546005277270,3,0,21,4,28,pc
1546005277272,4,0,21,4,28,pc
1546005277273,5,0,21,4,28,iOS
1546005277273,6,0,21,4,28,iOS
1546005277273,7,0,21,4,28,Android
1546005277270,3,1,21,4,28,pc
1546005277273,7,1,21,4,28,Android
1546005277269,1,1,21,4,28,Android
1546005277272,4,1,21,4,28,pc
1546005277270,2,1,21,4,28,pc
1546005277269,0,1,21,4,28,pc
1546005277273,6,1,21,4,28,iOS
1546005277269,0,2,21,4,28,pc
1546005277270,2,2,21,4,28,pc
1546005277270,3,2,21,4,28,pc
1546005277269,1,2,21,4,28,Android
1546005277273,6,2,21,4,28,iOS
1546005277273,7,2,21,4,28,Android
1546005277272,4,2,21,4,28,pc
1546005277273,7,3,21,4,28,Android
1546005277270,2,3,21,4,28,pc
1546005277269,0,3,21,4,28,pc
1546005277270,3,3,21,4,28,pc

1546005277269,1,3,21,4,28,Android
1546005277272,4,3,21,4,28,pc
1546005277273,7,4,21,4,28,Android
1546005277272,4,4,21,4,28,pc
1546005277269,0,4,21,4,28,pc
1546005277270,2,4,21,4,28,pc
1546005277270,3,4,21,4,28,pc
oid
1546005277273,6,4,21,4,28,iOS
1546005277269,0,5,21,4,28,pc
1546005277270,2,5,21,4,28,pc
1546005277273,7,5,21,4,28,Android
1546005277269,1,5,21,4,28,Android
1546005277270,3,5,21,4,28,pc
1546005277272,4,5,21,4,28,pc
1546005277273,6,5,21,4,28,iOS
1546005277269,0,6,21,4,28,pc
1546005277270,3,6,21,4,28,pc
1546005277270,2,6,21,4,28,pc
1546005277273,7,6,21,4,28,Android
1546005277273,6,6,21,4,28,iOS
1546005277272,4,6,21,4,28,pc
1546005277269,1,6,21,4,28,Android
1546005277273,7,7,21,4,28,Android
1546005277272,4,7,21,4,28,pc
1546005277273,6,7,21,4,28,iOS
1546005277269,1,7,21,4,28,Android
1546005277269,0,7,21,4,28,pc
1546005277273,7,8,21,4,28,Android
1546005277269,0,8,21,4,28,pc
1546005277269,0,9,21,4,28,pc
1546005277409,0,0,21,4,28,Android
1546005277409,1,0,21,4,28,pc
1546005277409,2,0,21,4,28,iOS
1546005277409,3,0,21,4,28,pc
1546005277409,4,0,21,4,28,pc
1546005277409,5,0,21,4,28,Android
1546005277410,6,0,21,4,28,Android
1546005277410,7,0,21,4,28,iOS
1546005277409,2,1,21,4,28,iOS
id
1546005277410,7,1,21,4,28,iOS
1546005277409,3,1,21,4,28,pc
1546005277409,4,1,21,4,28,pc
1546005277409,1,1,21,4,28,pc
1546005277410,6,1,21,4,28,Android
1546005277409,2,2,21,4,28,iOS
1546005277409,4,2,21,4,28,pc
1546005277409,0,2,21,4,28,Android
1546005277409,1,2,21,4,28,pc
1546005277410,7,2,21,4,28,iOS
1546005277409,3,2,21,4,28,pc
1546005277409,1,3,21,4,28,pc
1546005277410,7,3,21,4,28,iOS
1546005277409,4,3,21,4,28,pc
1546005277409,0,3,21,4,28,Android
1546005277409,2,3,21,4,28,iOS
1546005277409,3,3,21,4,28,pc
1546005277410,7,4,21,4,28,iOS
1546005277409,1,4,21,4,28,pc
1546005277409,4,4,21,4,28,pc
1546005277409,3,4,21,4,28,pc
1546005277409,0,4,21,4,28,Android
1546005277409,2,4,21,4,28,iOS
1546005277409,4,5,21,4,28,pc
1546005277409,0,5,21,4,28,Android
1546005277409,0,6,21,4,28,Android
1546005277409,0,7,21,4,28,Android
1546005277499,0,0,21,4,28,Android
1546005277500,1,0,21,4,28,iOS
1546005277500,2,0,21,4,28,iOS
1546005277500,3,0,21,4,28,Android
1546005277500,4,0,21,4,28,iOS
1546005277501,5,0,21,4,28,pc
1546005277501,6,0,21,4,28,iOS
1546005277501,7,0,21,4,28,iOS
1546005277500,3,1,21,4,28,Android
1546005277500,1,1,21,4,28,iOS
1546005277501,6,1,21,4,28,iOS
1546005277500,2,1,21,4,28,iOS
1546005277501,5,1,21,4,28,pc
1546005277501,7,1,21,4,28,iOS
1546005277499,0,1,21,4,28,Android
1546005277500,4,1,21,4,28,iOS
1546005277500,3,2,21,4,28,Android
1546005277500,4,2,21,4,28,iOS
1546005277501,5,2,21,4,28,pc
1546005277499,0,2,21,4,28,Android
1546005277500,2,2,21,4,28,iOS
1546005277501,6,2,21,4,28,iOS
1546005277500,1,2,21,4,28,iOS
1546005277501,7,2,21,4,28,iOS
1546005277499,0,3,21,4,28,Android
1546005277500,4,3,21,4,28,iOS
1546005277500,1,3,21,4,28,iOS
1546005277500,2,3,21,4,28,iOS
1546005277500,3,3,21,4,28,Android
1546005277501,5,3,21,4,28,pc
1546005277501,6,3,21,4,28,iOS
1546005277500,3,4,21,4,28,Android
1546005277501,5,4,21,4,28,pc
1546005277499,0,4,21,4,28,Android
1546005277500,2,4,21,4,28,iOS
1546005277501,6,4,21,4,28,iOS
1546005277500,1,4,21,4,28,iOS
1546005277499,0,5,21,4,28,Android
1546005277500,2,5,21,4,28,iOS
1546005277501,5,5,21,4,28,pc
1546005277500,3,5,21,4,28,Android
1546005277501,6,5,21,4,28,iOS
1546005277500,1,5,21,4,28,iOS
1546005277501,5,6,21,4,28,pc
1546005277499,0,6,21,4,28,Android
1546005277500,3,6,21,4,28,Android
1546005277500,2,6,21,4,28,iOS
1546005277500,1,6,21,4,28,iOS
1546005277501,6,6,21,4,28,iOS
1546005277501,5,7,21,4,28,pc
1546005277501,6,7,21,4,28,iOS
1546005277500,2,7,21,4,28,iOS
1546005277500,2,8,21,4,28,iOS
1546005277501,5,8,21,4,28,pc
1546005277501,6,8,21,4,28,iOS
1546005277615,0,0,21,4,28,pc
1546005277616,1,0,21,4,28,iOS
1546005277616,2,0,21,4,28,Android
1546005277616,3,0,21,4,28,iOS
1546005277616,4,0,21,4,28,pc
1546005277616,5,0,21,4,28,pc
1546005277616,6,0,21,4,28,pc
1546005277617,7,0,21,4,28,Android
1546005277615,0,1,21,4,28,pc
1546005277616,3,1,21,4,28,iOS
1546005277616,2,1,21,4,28,Android
1546005277616,1,1,21,4,28,iOS
id
1546005277616,4,1,21,4,28,pc
1546005277616,6,1,21,4,28,pc
1546005277616,5,1,21,4,28,pc
1546005277616,6,2,21,4,28,pc
1546005277615,0,2,21,4,28,pc
1546005277616,2,2,21,4,28,Android
1546005277617,7,2,21,4,28,Android
1546005277616,1,2,21,4,28,iOS
1546005277616,3,2,21,4,28,iOS
1546005277616,4,2,21,4,28,pc
1546005277616,5,2,21,4,28,pc
1546005277616,6,3,21,4,28,pc
1546005277617,7,3,21,4,28,Android
1546005277616,3,3,21,4,28,iOS
1546005277615,0,3,21,4,28,pc
1546005277616,1,3,21,4,28,iOS
1546005277616,2,3,21,4,28,Android
1546005277617,7,4,21,4,28,Android
1546005277616,6,4,21,4,28,pc
1546005277616,3,4,21,4,28,iOS
1546005277615,0,4,21,4,28,pc
1546005277616,2,4,21,4,28,Android
1546005277615,0,5,21,4,28,pc
1546005277616,6,5,21,4,28,pc
1546005277617,7,5,21,4,28,Android
1546005277616,3,5,21,4,28,iOS
1546005277616,6,6,21,4,28,pc
1546005277615,0,6,21,4,28,pc
1546005277616,3,6,21,4,28,iOS
1546005277617,7,6,21,4,28,Android
1546005277616,3,7,21,4,28,iOS
1546005277616,6,7,21,4,28,pc
1546005277615,0,7,21,4,28,pc
1546005277616,3,8,21,4,28,iOS
1546005277722,0,0,21,4,28,iOS
1546005277722,1,0,21,4,28,iOS
1546005277722,2,0,21,4,28,Android
1546005277722,3,0,21,4,28,Android
1546005277722,4,0,21,4,28,iOS
1546005277723,5,0,21,4,28,iOS
1546005277723,6,0,21,4,28,pc
1546005277723,7,0,21,4,28,pc
1546005277722,0,1,21,4,28,iOS1546005277723,6,1,21,4,28,pc
1546005277722,1,1,21,4,28,iOS
1546005277723,5,1,21,4,28,iOS
1546005277722,4,1,21,4,28,iOS
1546005277722,2,1,21,4,28,Android
1546005277723,6,2,21,4,28,pc
1546005277723,7,2,21,4,28,pc
1546005277723,5,2,21,4,28,iOS
1546005277722,2,2,21,4,28,Android
1546005277722,0,2,21,4,28,iOS
1546005277722,1,2,21,4,28,iOS
1546005277723,6,3,21,4,28,pc
1546005277723,7,3,21,4,28,pc
1546005277722,0,3,21,4,28,iOS
1546005277723,5,3,21,4,28,iOS
1546005277722,2,3,21,4,28,Android
1546005277722,1,3,21,4,28,iOS
1546005277723,7,4,21,4,28,pc
1546005277723,6,4,21,4,28,pc
1546005277722,0,4,21,4,28,iOS
1546005277722,1,4,21,4,28,iOS
1546005277722,2,4,21,4,28,Android
1546005277722,1,5,21,4,28,iOS
1546005277722,2,5,21,4,28,Android
1546005277723,7,5,21,4,28,pc
1546005277723,6,5,21,4,28,pc
1546005277722,0,5,21,4,28,iOS
1546005277723,6,6,21,4,28,pc
1546005277722,0,6,21,4,28,iOS
1546005277722,1,6,21,4,28,iOS
1546005277722,1,7,21,4,28,iOS
1546005277723,6,7,21,4,28,pc
1546005277722,0,7,21,4,28,iOS
1546005277723,6,8,21,4,28,pc
1546005277722,1,8,21,4,28,iOS
1546005277845,0,0,21,4,28,Android
1546005277845,1,0,21,4,28,Android
1546005277845,2,0,21,4,28,Android
1546005277845,3,0,21,4,28,pc
1546005277845,4,0,21,4,28,iOS
1546005277846,5,0,21,4,28,iOS
1546005277846,6,0,21,4,28,pc
1546005277846,7,0,21,4,28,pc
1546005277845,3,1,21,4,28,pc
1546005277845,4,1,21,4,28,iOS
1546005277845,0,1,21,4,28,Android
1546005277845,1,1,21,4,28,Android
1546005277846,6,1,21,4,28,pc
1546005277845,2,1,21,4,28,Android
1546005277846,7,1,21,4,28,pc
1546005277845,0,2,21,4,28,Android
1546005277845,4,2,21,4,28,iOS
1546005277845,1,2,21,4,28,Android
1546005277846,6,2,21,4,28,pc
1546005277846,7,2,21,4,28,pc
1546005277845,3,2,21,4,28,pc
1546005277845,2,2,21,4,28,Android
1546005277846,6,3,21,4,28,pc
1546005277845,3,3,21,4,28,pc
1546005277845,0,3,21,4,28,Android
1546005277845,2,3,21,4,28,Android
1546005277846,7,3,21,4,28,pc
1546005277845,4,3,21,4,28,iOS
1546005277845,1,3,21,4,28,Android
1546005277845,3,4,21,4,28,pc
1546005277846,6,4,21,4,28,pc
1546005277845,2,4,21,4,28,Android
1546005277845,0,4,21,4,28,Android
1546005277845,4,4,21,4,28,iOS
1546005277845,2,5,21,4,28,Android
1546005277845,0,5,21,4,28,Android
1546005277845,3,5,21,4,28,pc
1546005277846,6,5,21,4,28,pc
1546005277845,4,5,21,4,28,iOS
1546005277845,2,6,21,4,28,Android
1546005277846,6,6,21,4,28,pc
1546005277845,4,6,21,4,28,iOS
1546005277845,3,6,21,4,28,pc
1546005277846,6,7,21,4,28,pc
1546005277845,3,7,21,4,28,pc
1546005277845,2,7,21,4,28,Android
1546005277845,4,7,21,4,28,iOS
1546005277846,6,8,21,4,28,pc
1546005277845,2,8,21,4,28,Android
1546005277845,2,9,21,4,28,Android
1546005277977,0,0,21,4,28,iOS
1546005277978,1,0,21,4,28,iOS
1546005277978,2,0,21,4,28,iOS
1546005277978,3,0,21,4,28,iOS
1546005277978,4,0,21,4,28,iOS
1546005277978,5,0,21,4,28,Android
1546005277979,7,0,21,4,28,iOS
1546005277978,1,1,21,4,28,iOS
1546005277978,3,1,21,4,28,iOS
1546005277978,2,1,21,4,28,iOS
1546005277977,0,1,21,4,28,iOS
1546005277979,7,1,21,4,28,iOS
1546005277979,6,1,21,4,28,iOS
1546005277978,5,1,21,4,28,Android
1546005277978,1,2,21,4,28,iOS
1546005277978,2,2,21,4,28,iOS
1546005277978,3,2,21,4,28,iOS
1546005277978,5,2,21,4,28,Android
1546005277979,6,2,21,4,28,iOS
1546005277978,2,3,21,4,28,iOS
1546005277978,3,3,21,4,28,iOS
1546005277979,6,3,21,4,28,iOS
1546005277978,5,3,21,4,28,Android
1546005277978,3,4,21,4,28,iOS
1546005277978,2,4,21,4,28,iOS
1546005277978,5,4,21,4,28,Android
1546005277979,6,4,21,4,28,iOS
1546005277978,2,5,21,4,28,iOS
1546005277978,5,5,21,4,28,Android
1546005277978,2,6,21,4,28,iOS
1546005277978,5,6,21,4,28,Android
1546005277978,5,7,21,4,28,Android
1546005277978,5,8,21,4,28,Android
1546005277978,5,9,21,4,28,Android
1546005278122,0,0,21,4,28,pc
1546005278122,1,0,21,4,28,pc
1546005278123,2,0,21,4,28,pc
1546005278123,3,0,21,4,28,iOS
1546005278123,4,0,21,4,28,pc
1546005278123,5,0,21,4,28,Android
1546005278123,6,0,21,4,28,pc
1546005278124,7,0,21,4,28,Android
1546005278123,2,1,21,4,28,pc
1546005278124,7,1,21,4,28,Android
1546005278123,6,1,21,4,28,pc
1546005278122,1,1,21,4,28,pc
1546005278123,4,1,21,4,28,pc
1546005278123,3,1,21,4,28,iOS
1546005278123,5,1,21,4,28,Android
1546005278122,1,2,21,4,28,pc
1546005278123,2,2,21,4,28,pc
1546005278123,4,2,21,4,28,pc
1546005278124,7,2,21,4,28,Android
1546005278123,6,2,21,4,28,pc
1546005278122,1,3,21,4,28,pc
1546005278123,6,3,21,4,28,pc
1546005278124,7,3,21,4,28,Android
1546005278123,2,3,21,4,28,pc
1546005278123,4,3,21,4,28,pc
1546005278123,2,4,21,4,28,pc
1546005278123,6,4,21,4,28,pc
1546005278123,4,4,21,4,28,pc
1546005278122,1,4,21,4,28,pc
1546005278124,7,4,21,4,28,Android
1546005278123,4,5,21,4,28,pc
1546005278122,1,5,21,4,28,pc
1546005278123,6,5,21,4,28,pc
1546005278124,7,5,21,4,28,Android
1546005278123,4,6,21,4,28,pc
1546005278122,1,6,21,4,28,pc
1546005278123,4,7,21,4,28,pc
1546005278122,1,7,21,4,28,pc
1546005278122,1,8,21,4,28,pc
1546005278122,1,9,21,4,28,pc
1546005278243,0,0,21,4,28,pc
1546005278243,1,0,21,4,28,iOS
1546005278244,2,0,21,4,28,Android
1546005278244,3,0,21,4,28,iOS
1546005278244,4,0,21,4,28,iOS
1546005278244,5,0,21,4,28,pc
1546005278244,6,0,21,4,28,Android
1546005278245,7,0,21,4,28,pc
1546005278243,1,1,21,4,28,iOS
1546005278243,0,1,21,4,28,pc
1546005278244,5,1,21,4,28,pc
1546005278245,7,1,21,4,28,pc
1546005278244,2,1,21,4,28,Android
1546005278244,3,1,21,4,28,iOS
1546005278244,4,1,21,4,28,iOS
1546005278244,6,1,21,4,28,Android
1546005278244,4,2,21,4,28,iOS
1546005278243,0,2,21,4,28,pc
1546005278243,1,2,21,4,28,iOS
1546005278244,5,2,21,4,28,pc
1546005278244,3,2,21,4,28,iOS
1546005278244,6,2,21,4,28,Android
1546005278245,7,2,21,4,28,pc
1546005278244,2,2,21,4,28,Android
1546005278244,6,3,21,4,28,Android
1546005278244,5,3,21,4,28,pc
1546005278244,4,3,21,4,28,iOS
1546005278243,0,3,21,4,28,pc
1546005278245,7,3,21,4,28,pc
1546005278244,3,3,21,4,28,iOS
1546005278243,1,3,21,4,28,iOS
1546005278244,2,3,21,4,28,Android
1546005278243,0,4,21,4,28,pc
1546005278244,6,4,21,4,28,Android
1546005278244,2,4,21,4,28,Android
1546005278244,3,4,21,4,28,iOS
1546005278245,7,4,21,4,28,pc
1546005278243,1,4,21,4,28,iOS
1546005278244,5,4,21,4,28,pc
1546005278244,4,4,21,4,28,iOS
1546005278243,0,5,21,4,28,pc
1546005278244,2,5,21,4,28,Android
1546005278244,5,5,21,4,28,pc
1546005278243,1,5,21,4,28,iOS
1546005278244,6,5,21,4,28,Android
1546005278244,2,6,21,4,28,Android
1546005278244,5,6,21,4,28,pc
1546005278244,6,6,21,4,28,Android
1546005278244,5,7,21,4,28,pc
1546005278244,6,7,21,4,28,Android
1546005278244,5,8,21,4,28,pc
1546005278356,1,0,21,4,28,pc
1546005278356,1,1,21,4,28,pc
1546005483760,0,0,21,4,28,pc
1546005483761,1,0,21,4,28,pc
1546005483762,2,0,21,4,28,pc
1546005483763,3,0,21,4,28,pc
1546005483764,4,0,21,4,28,iOS
1546005483765,5,0,21,4,28,pc
1546005483765,6,0,21,4,28,Android
1546005483767,7,0,21,4,28,Android
1546005483764,4,1,21,4,28,iOS
1546005483760,0,1,21,4,28,pc
1546005483765,5,1,21,4,28,pc
1546005483762,2,1,21,4,28,pc
1546005483765,6,1,21,4,28,Android
1546005483763,3,1,21,4,28,pc
1546005483761,1,1,21,4,28,pc
1546005483760,0,2,21,4,28,pc
1546005483765,6,2,21,4,28,Android
1546005483763,3,2,21,4,28,pc
1546005483765,5,2,21,4,28,pc
1546005483764,4,2,21,4,28,iOS
1546005483761,1,2,21,4,28,pc
1546005483762,2,2,21,4,28,pc
1546005483767,7,2,21,4,28,Android
1546005483764,4,3,21,4,28,iOS
1546005483762,2,3,21,4,28,pc
1546005483765,6,3,21,4,28,Android
1546005483761,1,3,21,4,28,pc
1546005483767,7,3,21,4,28,Android
1546005483763,3,3,21,4,28,pc
1546005483760,0,3,21,4,28,pc
1546005483761,1,4,21,4,28,pc
1546005483762,2,4,21,4,28,pc
1546005483765,6,4,21,4,28,Android
1546005483764,4,4,21,4,28,iOS
1546005483763,3,4,21,4,28,pc
1546005483760,0,4,21,4,28,pc
1546005483761,1,5,21,4,28,pc
1546005483764,4,5,21,4,28,iOS
1546005483765,6,5,21,4,28,Android
1546005483765,6,6,21,4,28,Android
1546005483761,1,6,21,4,28,pc
1546005483764,4,6,21,4,28,iOS
1546005483764,4,7,21,4,28,iOS
1546005483761,1,7,21,4,28,pc
1546005483764,4,8,21,4,28,iOS
1546005484015,0,0,21,4,28,Android
1546005484016,1,0,21,4,28,iOS
1546005484016,2,0,21,4,28,pc
1546005484017,3,0,21,4,28,pc
1546005484018,4,0,21,4,28,Android
1546005484019,5,0,21,4,28,Android
1546005484030,6,0,21,4,28,pc
1546005484031,7,0,21,4,28,iOS
1546005484018,4,1,21,4,28,Android
1546005484016,2,1,21,4,28,pc
1546005484017,3,1,21,4,28,pc
1546005484019,5,1,21,4,28,Android
1546005484016,1,1,21,4,28,iOS
1546005484031,7,1,21,4,28,iOS
1546005484030,6,1,21,4,28,pc
1546005484015,0,1,21,4,28,Android
1546005484016,2,2,21,4,28,pc
1546005484016,1,2,21,4,28,iOS
1546005484031,7,2,21,4,28,iOS
1546005484017,3,2,21,4,28,pc
1546005484015,0,2,21,4,28,Android
1546005484019,5,2,21,4,28,Android
1546005484030,6,2,21,4,28,pc
1546005484018,4,2,21,4,28,Android
1546005484016,2,3,21,4,28,pc
1546005484030,6,3,21,4,28,pc
1546005484017,3,3,21,4,28,pc
1546005484016,1,3,21,4,28,iOS
1546005484018,4,3,21,4,28,Android
1546005484019,5,3,21,4,28,Android
1546005484016,2,4,21,4,28,pc
1546005484016,1,4,21,4,28,iOS
1546005484018,4,4,21,4,28,Android
1546005484030,6,4,21,4,28,pc
1546005484017,3,4,21,4,28,pc
1546005484016,1,5,21,4,28,iOS
1546005484017,3,5,21,4,28,pc
1546005484030,6,5,21,4,28,pc
1546005484016,2,5,21,4,28,pc
1546005484030,6,6,21,4,28,pc
1546005484016,2,6,21,4,28,pc
1546005484030,6,7,21,4,28,pc
1546005484030,6,8,21,4,28,pc
1546005484273,0,0,21,4,28,pc
1546005484273,1,0,21,4,28,Android
1546005484274,2,0,21,4,28,Android
1546005484274,3,0,21,4,28,iOS
1546005484275,4,0,21,4,28,Android
1546005484275,5,0,21,4,28,iOS
1546005484275,6,0,21,4,28,Android
1546005484275,7,0,21,4,28,pc
1546005484274,2,1,21,4,28,Android
1546005484273,1,1,21,4,28,Android
1546005484274,3,1,21,4,28,iOS
1546005484275,4,1,21,4,28,Android
1546005484275,5,1,21,4,28,iOS
1546005484273,0,1,21,4,28,pc
1546005484273,0,2,21,4,28,pc
1546005484274,3,2,21,4,28,iOS
1546005484273,1,2,21,4,28,Android
1546005484275,4,2,21,4,28,Android
1546005484274,2,2,21,4,28,Android
1546005484275,5,2,21,4,28,iOS
1546005484273,0,3,21,4,28,pc
1546005484274,3,3,21,4,28,iOS
1546005484273,1,3,21,4,28,Android
1546005484275,4,3,21,4,28,Android
1546005484275,5,3,21,4,28,iOS
1546005484275,4,4,21,4,28,Android
1546005484273,1,4,21,4,28,Android
1546005484273,0,4,21,4,28,pc
1546005484275,5,4,21,4,28,iOS
1546005484274,3,4,21,4,28,iOS
1546005484275,4,5,21,4,28,Android
1546005484273,0,5,21,4,28,pc
1546005484273,1,5,21,4,28,Android
1546005484275,5,5,21,4,28,iOS
1546005484274,3,5,21,4,28,iOS
1546005484273,1,6,21,4,28,Android
1546005484273,0,6,21,4,28,pc
1546005484275,5,6,21,4,28,iOS
1546005484274,3,6,21,4,28,iOS
1546005484275,5,7,21,4,28,iOS
1546005484273,0,7,21,4,28,pc
1546005484273,1,7,21,4,28,Android
1546005484273,1,8,21,4,28,Android
1546005484547,0,0,21,4,28,Android
1546005484548,1,0,21,4,28,pc
1546005484548,2,0,21,4,28,pc
1546005484548,3,0,21,4,28,Android
1546005484549,4,0,21,4,28,iOS
1546005484549,5,0,21,4,28,pc
1546005484549,6,0,21,4,28,iOS
1546005484549,7,0,21,4,28,Android
1546005484547,0,1,21,4,28,Android
1546005484548,2,1,21,4,28,pc
1546005484548,3,1,21,4,28,Android
1546005484549,5,1,21,4,28,pc
1546005484549,7,1,21,4,28,Android
1546005484549,6,1,21,4,28,iOS
1546005484548,2,2,21,4,28,pc
1546005484549,5,2,21,4,28,pc
1546005484549,6,2,21,4,28,iOS
1546005484548,3,2,21,4,28,Android
1546005484549,7,2,21,4,28,Android
1546005484547,0,2,21,4,28,Android
1546005484547,0,3,21,4,28,Android
1546005484548,2,3,21,4,28,pc
1546005484549,6,3,21,4,28,iOS
1546005484549,5,3,21,4,28,pc
1546005484549,7,3,21,4,28,Android
1546005484548,3,3,21,4,28,Android
1546005484547,0,4,21,4,28,Android
1546005484548,2,4,21,4,28,pc
1546005484547,0,5,21,4,28,Android
1546005484547,0,6,21,4,28,Android
1546005484547,0,7,21,4,28,Android
1546005484547,0,8,21,4,28,Android
1546005484776,0,0,21,4,28,iOS
1546005484777,1,0,21,4,28,iOS
1546005484777,2,0,21,4,28,pc
1546005484778,3,0,21,4,28,Android
1546005484779,4,0,21,4,28,pc
1546005484780,5,0,21,4,28,pc
1546005484781,6,0,21,4,28,iOS
1546005484782,7,0,21,4,28,pc
1546005484781,6,1,21,4,28,iOS
1546005484777,1,1,21,4,28,iOS
1546005484782,7,1,21,4,28,pc
1546005484778,3,1,21,4,28,Android
1546005484776,0,1,21,4,28,iOS
1546005484777,2,1,21,4,28,pc
1546005484777,1,2,21,4,28,iOS
1546005484776,0,2,21,4,28,iOS
1546005484778,3,2,21,4,28,Android
1546005484781,6,2,21,4,28,iOS
1546005484782,7,2,21,4,28,pc
1546005484777,2,2,21,4,28,pc
1546005484779,4,2,21,4,28,pc
1546005484776,0,3,21,4,28,iOS
1546005484779,4,3,21,4,28,pc
1546005484778,3,3,21,4,28,Android
1546005484781,6,3,21,4,28,iOS
1546005484782,7,3,21,4,28,pc
1546005484777,2,3,21,4,28,pc

1546005484777,1,4,21,4,28,iOS
1546005484778,3,4,21,4,28,Android
1546005484777,2,4,21,4,28,pc
1546005484781,6,4,21,4,28,iOS
1546005484779,4,4,21,4,28,pc
1546005484776,0,4,21,4,28,iOS
1546005484778,3,5,21,4,28,Android
1546005484781,6,5,21,4,28,iOS
1546005484777,1,5,21,4,28,iOS
1546005484777,2,5,21,4,28,pc
1546005484781,6,6,21,4,28,iOS
1546005484777,1,6,21,4,28,iOS
1546005484777,2,6,21,4,28,pc
1546005484776,0,6,21,4,28,iOS
1546005484777,1,7,21,4,28,iOS
1546005484777,2,7,21,4,28,pc
1546005484777,1,8,21,4,28,iOS
1546005484777,2,8,21,4,28,pc
1546005484777,1,9,21,4,28,iOS
1546005484777,2,9,21,4,28,pc
1546005485043,0,0,21,4,28,Android
1546005485043,1,0,21,4,28,iOS
1546005485044,2,0,21,4,28,iOS
1546005485044,3,0,21,4,28,Android
1546005485045,4,0,21,4,28,pc
1546005485045,5,0,21,4,28,Android
1546005485046,6,0,21,4,28,Android
1546005485046,7,0,21,4,28,Android
1546005485044,3,1,21,4,28,Android
1546005485043,0,1,21,4,28,Android
1546005485044,2,1,21,4,28,iOS
1546005485046,6,1,21,4,28,Android
1546005485046,7,1,21,4,28,Android
1546005485043,1,1,21,4,28,iOS
1546005485045,4,1,21,4,28,pc
1546005485045,5,1,21,4,28,Android
1546005485043,0,2,21,4,28,Android
1546005485044,3,2,21,4,28,Android
1546005485045,5,2,21,4,28,Android
1546005485046,6,2,21,4,28,Android
1546005485044,2,2,21,4,28,iOS
1546005485046,7,2,21,4,28,Android
1546005485043,1,2,21,4,28,iOS
1546005485045,4,2,21,4,28,pc
1546005485044,2,3,21,4,28,iOS
id
1546005485045,4,3,21,4,28,pc
1546005485045,5,3,21,4,28,Android
1546005485046,7,3,21,4,28,Android
1546005485043,1,3,21,4,28,iOS
1546005485043,0,3,21,4,28,Android
1546005485044,3,3,21,4,28,Android
1546005485046,7,4,21,4,28,Android
1546005485045,4,4,21,4,28,pc
1546005485045,5,4,21,4,28,Android
1546005485044,3,4,21,4,28,Android
1546005485046,6,4,21,4,28,Android
1546005485043,1,4,21,4,28,iOS
1546005485043,0,4,21,4,28,Android
1546005485043,0,5,21,4,28,Android
1546005485045,4,5,21,4,28,pc
1546005485043,1,5,21,4,28,iOS
1546005485044,3,5,21,4,28,Android
1546005485046,7,5,21,4,28,Android
1546005485046,6,5,21,4,28,Android
1546005485045,5,5,21,4,28,Android
1546005485043,1,6,21,4,28,iOS
1546005485046,7,6,21,4,28,Android
1546005485044,3,6,21,4,28,Android
1546005485045,4,6,21,4,28,pc
1546005485043,0,6,21,4,28,Android
1546005485046,6,6,21,4,28,Android
1546005485044,3,7,21,4,28,Android
1546005485043,0,7,21,4,28,Android
1546005485043,1,7,21,4,28,iOS
1546005485046,6,7,21,4,28,Android
1546005485045,4,7,21,4,28,pc
1546005485046,7,7,21,4,28,Android
1546005485046,6,8,21,4,28,Android
1546005485046,7,8,21,4,28,Android
1546005485312,0,0,21,4,28,Android
1546005485313,2,0,21,4,28,iOS
1546005485312,1,0,21,4,28,pc
1546005485313,3,0,21,4,28,Android
1546005485314,4,0,21,4,28,iOS
1546005485314,5,0,21,4,28,Android
1546005485314,6,0,21,4,28,iOS
1546005485314,7,0,21,4,28,Android
1546005485314,4,1,21,4,28,iOS
1546005485314,7,1,21,4,28,Andr1546005485314,6,1,21,4,28,iOS
1546005485313,2,1,21,4,28,iOS
1546005485313,3,1,21,4,28,Android
1546005485314,5,1,21,4,28,Android
1546005485314,7,2,21,4,28,Android
1546005485312,1,2,21,4,28,pc
1546005485314,5,2,21,4,28,Android
1546005485313,2,2,21,4,28,iOS
1546005485314,4,2,21,4,28,iOS
1546005485314,6,2,21,4,28,iOS
1546005485312,1,3,21,4,28,pc
1546005485314,5,3,21,4,28,Android
1546005485314,4,3,21,4,28,iOS
1546005485313,2,3,21,4,28,iOS
1546005485314,7,3,21,4,28,Android
1546005485312,1,4,21,4,28,pc
1546005485313,2,4,21,4,28,iOS
1546005485314,5,4,21,4,28,Android
1546005485314,7,4,21,4,28,Android
1546005485314,4,4,21,4,28,iOS
1546005485314,4,5,21,4,28,iOS
id
1546005485314,4,6,21,4,28,iOS
1546005485314,5,6,21,4,28,Android
1546005485314,4,7,21,4,28,iOS
1546005485314,5,7,21,4,28,Android
1546005485314,4,8,21,4,28,iOS
1546005485314,5,8,21,4,28,Android
1546005485555,0,0,21,4,28,pc
1546005485556,1,0,21,4,28,pc
1546005485556,2,0,21,4,28,iOS
1546005485556,3,0,21,4,28,Android
1546005485556,4,0,21,4,28,pc
1546005485557,5,0,21,4,28,iOS
1546005485557,6,0,21,4,28,iOS
1546005485557,7,0,21,4,28,Android
1546005485557,5,1,21,4,28,iOS
1546005485556,4,1,21,4,28,pc
1546005485555,0,1,21,4,28,pc
1546005485556,2,1,21,4,28,iOS
1546005485557,7,1,21,4,28,Android
1546005485556,1,1,21,4,28,pc
1546005485557,6,1,21,4,28,iOS
1546005485556,4,2,21,4,28,pc
1546005485557,7,2,21,4,28,Android
1546005485557,6,2,21,4,28,iOS
1546005485556,2,2,21,4,28,iOS
1546005485556,1,2,21,4,28,pc
1546005485555,0,2,21,4,28,pc
1546005485556,2,3,21,4,28,iOS
1546005485556,4,3,21,4,28,pc
1546005485557,6,3,21,4,28,iOS
1546005485556,1,3,21,4,28,pc
1546005485555,0,4,21,4,28,pc
1546005485556,1,4,21,4,28,pc
1546005485557,6,4,21,4,28,iOS
1546005485556,4,4,21,4,28,pc
1546005485556,2,4,21,4,28,iOS
1546005485556,2,5,21,4,28,iOS
1546005485556,1,5,21,4,28,pc
1546005485556,4,5,21,4,28,pc
1546005485556,4,6,21,4,28,pc
1546005485772,0,0,21,4,28,Android
1546005485773,1,0,21,4,28,iOS
1546005485773,2,0,21,4,28,iOS
1546005485774,3,0,21,4,28,pc
1546005485775,5,0,21,4,28,Android
1546005485774,4,0,21,4,28,Android
1546005485775,6,0,21,4,28,Android
1546005485776,7,0,21,4,28,iOS
1546005485775,5,1,21,4,28,Android
1546005485773,1,1,21,4,28,iOS
1546005485776,7,1,21,4,28,iOS
1546005485774,4,1,21,4,28,Android
1546005485773,2,1,21,4,28,iOS
1546005485772,0,1,21,4,28,Android
1546005485775,6,1,21,4,28,Android
1546005485775,6,2,21,4,28,Android
1546005485776,7,2,21,4,28,iOS
1546005485775,5,2,21,4,28,Android
1546005485772,0,2,21,4,28,Android
1546005485773,2,2,21,4,28,iOS
1546005485774,4,2,21,4,28,Android
1546005485773,2,3,21,4,28,iOS
1546005485774,4,3,21,4,28,Android
1546005485775,5,3,21,4,28,Android
1546005485775,6,3,21,4,28,Android
1546005485772,0,3,21,4,28,Android
1546005485772,0,4,21,4,28,Android
1546005485775,5,4,21,4,28,Android
1546005485774,4,4,21,4,28,Android
1546005485775,6,4,21,4,28,Android
1546005485772,0,5,21,4,28,Android
1546005485775,6,5,21,4,28,Android
1546005485775,5,5,21,4,28,Android
1546005485772,0,6,21,4,28,Android
1546005485775,6,6,21,4,28,Android
1546005485775,5,6,21,4,28,Android
1546005485775,5,7,21,4,28,Android
1546005485772,0,7,21,4,28,Android
1546005485772,0,8,21,4,28,Android
1546005485772,0,9,21,4,28,Android
1546005486041,0,0,21,4,28,iOS
1546005486041,1,0,21,4,28,iOS
1546005486042,2,0,21,4,28,iOS
1546005486042,3,0,21,4,28,Android
1546005486042,4,0,21,4,28,pc
1546005486042,5,0,21,4,28,iOS
1546005486043,6,0,21,4,28,iOS
1546005486043,7,0,21,4,28,Android
1546005486042,4,1,21,4,28,pc
1546005486042,2,1,21,4,28,iOS
1546005486043,7,1,21,4,28,Android
1546005486042,3,1,21,4,28,Android
1546005486041,0,1,21,4,28,iOS
1546005486043,6,1,21,4,28,iOS
1546005486041,1,1,21,4,28,iOS
1546005486042,4,2,21,4,28,pc
1546005486041,0,2,21,4,28,iOS
1546005486042,3,2,21,4,28,Android
1546005486043,7,2,21,4,28,Android
1546005486043,6,2,21,4,28,iOS
1546005486042,2,2,21,4,28,iOS
1546005486042,4,3,21,4,28,pc
1546005486041,0,3,21,4,28,iOS
1546005486042,3,3,21,4,28,Android
1546005486041,1,3,21,4,28,iOS
1546005486043,6,3,21,4,28,iOS
1546005486043,7,3,21,4,28,Android
1546005486042,2,3,21,4,28,iOS
1546005486042,4,4,21,4,28,pc
1546005486043,7,4,21,4,28,Android
1546005486041,0,4,21,4,28,iOS
1546005486042,3,4,21,4,28,Android
1546005486043,6,4,21,4,28,iOS
1546005486041,1,4,21,4,28,iOS
1546005486042,2,4,21,4,28,iOS
1546005486042,4,5,21,4,28,pc
1546005486042,3,5,21,4,28,Android
1546005486041,0,5,21,4,28,iOS
1546005486043,7,5,21,4,28,Android
1546005486041,1,5,21,4,28,iOS
1546005486043,6,5,21,4,28,iOS
1546005486042,2,5,21,4,28,iOS
1546005486042,4,6,21,4,28,pc
1546005486041,1,6,21,4,28,iOS
1546005486043,7,6,21,4,28,Android
1546005486043,6,6,21,4,28,iOS
1546005486042,3,6,21,4,28,Android
1546005486041,0,6,21,4,28,iOS
1546005486042,2,6,21,4,28,iOS
1546005486043,6,7,21,4,28,iOS
1546005486042,4,7,21,4,28,pc
1546005486041,1,7,21,4,28,iOS
1546005486042,3,7,21,4,28,Android
1546005486041,0,7,21,4,28,iOS
1546005486042,2,7,21,4,28,iOS
1546005486042,3,8,21,4,28,Android
1546005486041,1,8,21,4,28,iOS
1546005486042,4,8,21,4,28,pc
1546005486043,6,8,21,4,28,iOS
1546005486042,2,8,21,4,28,iOS
1546005486042,4,9,21,4,28,pc
1546005486341,0,0,21,4,28,pc
1546005486341,1,0,21,4,28,iOS
1546005486341,2,0,21,4,28,iOS
1546005486342,3,0,21,4,28,Android
1546005486342,4,0,21,4,28,pc
1546005486342,5,0,21,4,28,iOS
1546005486342,6,0,21,4,28,Android
1546005486343,7,0,21,4,28,pc
1546005486343,7,1,21,4,28,pc
1546005486341,1,1,21,4,28,iOS
1546005486342,5,1,21,4,28,iOS
1546005486341,0,1,21,4,28,pc
1546005486341,2,1,21,4,28,iOS
1546005486342,4,1,21,4,28,pc
1546005486342,6,1,21,4,28,Android
1546005486342,4,2,21,4,28,pc
1546005486341,2,2,21,4,28,iOS
1546005486341,1,2,21,4,28,iOS
1546005486341,0,2,21,4,28,pc
1546005486342,5,2,21,4,28,iOS
1546005486343,7,2,21,4,28,pc
1546005486342,6,2,21,4,28,Android
1546005486342,5,3,21,4,28,iOS
1546005486341,1,3,21,4,28,iOS
1546005486341,0,3,21,4,28,pc
1546005486341,1,4,21,4,28,iOS
1546005486342,5,4,21,4,28,iOS
1546005486341,0,4,21,4,28,pc
1546005486341,1,5,21,4,28,iOS
1546005486341,0,5,21,4,28,pc
1546005486342,5,5,21,4,28,iOS
1546005486341,1,6,21,4,28,iOS
1546005486341,1,7,21,4,28,iOS
1546005486555,0,0,21,4,28,Android
1546005486555,1,0,21,4,28,iOS
1546005486557,2,0,21,4,28,iOS
1546005486558,3,0,21,4,28,Android
1546005486559,4,0,21,4,28,pc
1546005486560,5,0,21,4,28,Android
1546005486561,6,0,21,4,28,iOS
1546005486562,7,0,21,4,28,pc
1546005486555,1,1,21,4,28,iOS
1546005486555,0,1,21,4,28,Android
1546005486557,2,1,21,4,28,iOS
1546005486560,5,1,21,4,28,Android
1546005486559,4,1,21,4,28,pc
1546005486558,3,1,21,4,28,Android
1546005486558,3,2,21,4,28,Android
1546005486559,4,2,21,4,28,pc
1546005486557,2,2,21,4,28,iOS
1546005486560,5,2,21,4,28,Android
1546005486555,1,2,21,4,28,iOS
1546005486555,0,2,21,4,28,Android
1546005486559,4,3,21,4,28,pc
1546005486555,0,3,21,4,28,Android
1546005486557,2,3,21,4,28,iOS
1546005486560,5,3,21,4,28,Android
1546005486559,4,4,21,4,28,pc
1546005486560,5,4,21,4,28,Android
1546005486557,2,4,21,4,28,iOS
1546005486555,0,4,21,4,28,Android
1546005486559,4,5,21,4,28,pc
1546005486555,0,5,21,4,28,Android
1546005486560,5,5,21,4,28,Android
1546005486559,4,6,21,4,28,pc
1546005486555,0,6,21,4,28,Android
1546005486560,5,6,21,4,28,Android
1546005486555,0,7,21,4,28,Android
1546005486559,4,7,21,4,28,pc
1546005486559,4,8,21,4,28,pc
1546005486812,0,0,21,4,28,iOS
1546005486812,1,0,21,4,28,pc
1546005486813,2,0,21,4,28,Android
1546005486814,3,0,21,4,28,Android
1546005486814,4,0,21,4,28,Android
1546005486816,6,0,21,4,28,pc
1546005486815,5,0,21,4,28,iOS
1546005486817,7,0,21,4,28,iOS
1546005486812,0,1,21,4,28,iOS
1546005486816,6,1,21,4,28,pc
1546005486814,3,1,21,4,28,Android
1546005486813,2,1,21,4,28,Android
1546005486812,1,1,21,4,28,pc
1546005486817,7,1,21,4,28,iOS
1546005486815,5,1,21,4,28,iOS
1546005486812,0,2,21,4,28,iOS
1546005486815,5,2,21,4,28,iOS
1546005486813,2,2,21,4,28,Android
1546005486814,3,2,21,4,28,Android
1546005486817,7,2,21,4,28,iOS
1546005486813,2,3,21,4,28,Android
1546005486814,3,3,21,4,28,Android
1546005486817,7,3,21,4,28,iOS
1546005486812,0,3,21,4,28,iOS
1546005486813,2,4,21,4,28,Android
1546005486817,7,4,21,4,28,iOS
1546005486812,0,4,21,4,28,iOS
1546005486814,3,4,21,4,28,Android
1546005486812,0,5,21,4,28,iOS
1546005486817,7,5,21,4,28,iOS
1546005486814,3,5,21,4,28,Android
1546005486817,7,6,21,4,28,iOS
1546005486812,0,6,21,4,28,iOS
1546005486814,3,6,21,4,28,Android
1546005486817,7,7,21,4,28,iOS
1546005486814,3,7,21,4,28,Android
1546005486812,0,7,21,4,28,iOS
1546005486814,3,8,21,4,28,Android
1546005486817,7,8,21,4,28,iOS
1546005486812,0,8,21,4,28,iOS
1546005486814,3,9,21,4,28,Android
1546005486817,7,9,21,4,28,iOS
1546005487067,0,0,21,4,28,Android
1546005487069,1,0,21,4,28,iOS
1546005487070,2,0,21,4,28,pc
1546005487073,3,0,21,4,28,pc
1546005487080,5,0,21,4,28,Android
1546005487079,4,0,21,4,28,iOS
1546005487081,6,0,21,4,28,iOS
1546005487099,7,0,21,4,28,Android
1546005487080,5,1,21,4,28,Android
1546005487081,6,1,21,4,28,iOS
1546005487079,4,1,21,4,28,iOS
1546005487070,2,1,21,4,28,pc
1546005487069,1,1,21,4,28,iOS
1546005487073,3,1,21,4,28,pc
1546005487080,5,2,21,4,28,Android
1546005487073,3,2,21,4,28,pc
1546005487081,6,2,21,4,28,iOS
1546005487069,1,2,21,4,28,iOS
1546005487099,7,1,21,4,28,Android
1546005487070,2,2,21,4,28,pc
1546005487079,4,2,21,4,28,iOS
1546005487069,1,3,21,4,28,iOS
1546005487070,2,3,21,4,28,pc
1546005487079,4,3,21,4,28,iOS
1546005487073,3,3,21,4,28,pc
1546005487099,7,2,21,4,28,Android
1546005487080,5,3,21,4,28,Android
1546005487073,3,4,21,4,28,pc
1546005487070,2,4,21,4,28,pc
1546005487099,7,3,21,4,28,Android
1546005487079,4,4,21,4,28,iOS
1546005487079,4,5,21,4,28,iOS
1546005487099,7,4,21,4,28,Android
1546005487070,2,5,21,4,28,pc
1546005487070,2,6,21,4,28,pc
1546005487079,4,6,21,4,28,iOS
1546005487079,4,7,21,4,28,iOS
1546005487070,2,7,21,4,28,pc
1546005487079,4,8,21,4,28,iOS
1546005487079,4,9,21,4,28,iOS
1546005487070,2,9,21,4,28,pc
1546005487405,0,0,21,4,28,pc
1546005487405,1,0,21,4,28,pc
1546005487405,2,0,21,4,28,Android
1546005487405,3,0,21,4,28,iOS
1546005487405,4,0,21,4,28,pc
1546005487405,5,0,21,4,28,pc
1546005487406,6,0,21,4,28,iOS
1546005487406,7,0,21,4,28,Android
1546005487405,5,1,21,4,28,pc
1546005487405,3,1,21,4,28,iOS
1546005487406,6,1,21,4,28,iOS
1546005487405,2,1,21,4,28,Android
1546005487406,7,1,21,4,28,Android
1546005487405,3,2,21,4,28,iOS
1546005487405,2,2,21,4,28,Android
1546005487406,7,2,21,4,28,Android
1546005487405,5,2,21,4,28,pc
1546005487406,6,2,21,4,28,iOS
1546005487405,5,3,21,4,28,pc
1546005487405,3,3,21,4,28,iOS
1546005487406,6,3,21,4,28,iOS
1546005487405,2,3,21,4,28,Android
1546005487406,7,3,21,4,28,Android
1546005487406,7,4,21,4,28,Android
1546005487405,3,4,21,4,28,iOS
1546005487405,5,4,21,4,28,pc
1546005487405,2,4,21,4,28,Android
1546005487405,3,5,21,4,28,iOS
1546005487406,7,5,21,4,28,Android
1546005487405,2,5,21,4,28,Android
1546005487405,5,5,21,4,28,pc
1546005487405,5,6,21,4,28,pc
1546005487405,3,6,21,4,28,iOS
1546005487405,5,7,21,4,28,pc
1546005487405,5,8,21,4,28,pc
1546005487617,0,0,21,4,28,iOS
1546005487618,1,0,21,4,28,Android
1546005487618,2,0,21,4,28,iOS
1546005487620,4,0,21,4,28,pc
1546005487619,3,0,21,4,28,iOS
1546005487621,5,0,21,4,28,Android
1546005487623,6,0,21,4,28,Android
1546005487623,7,0,21,4,28,pc
1546005487620,4,1,21,4,28,pc
1546005487619,3,1,21,4,28,iOS
1546005487617,0,1,21,4,28,iOS
1546005487618,1,1,21,4,28,Android
1546005487618,2,1,21,4,28,iOS
1546005487623,7,1,21,4,28,pc
1546005487621,5,1,21,4,28,Android
1546005487619,3,2,21,4,28,iOS
1546005487618,1,2,21,4,28,Android
1546005487621,5,2,21,4,28,Android
1546005487618,2,2,21,4,28,iOS
1546005487617,0,2,21,4,28,iOS
1546005487620,4,2,21,4,28,pc
1546005487618,1,3,21,4,28,Android
1546005487617,0,3,21,4,28,iOS
1546005487620,4,3,21,4,28,pc
1546005487619,3,3,21,4,28,iOS
1546005487618,2,3,21,4,28,iOS
1546005487617,0,4,21,4,28,iOS
1546005487618,1,4,21,4,28,Android
1546005487620,4,4,21,4,28,pc
1546005487618,2,4,21,4,28,iOS
1546005487619,3,4,21,4,28,iOS
1546005487619,3,5,21,4,28,iOS
1546005487617,0,5,21,4,28,iOS
1546005487618,2,5,21,4,28,iOS
1546005487618,1,5,21,4,28,Android
1546005487620,4,5,21,4,28,pc
1546005487618,2,6,21,4,28,iOS
1546005487618,1,6,21,4,28,Android
1546005487620,4,6,21,4,28,pc
1546005487619,3,6,21,4,28,iOS
1546005487618,2,7,21,4,28,iOS
1546005487618,1,7,21,4,28,Android
1546005487619,3,7,21,4,28,iOS
1546005487618,1,8,21,4,28,Android
1546005487906,0,0,21,4,28,iOS
1546005487907,1,0,21,4,28,iOS
1546005487907,2,0,21,4,28,pc
1546005487907,3,0,21,4,28,Android
1546005487908,4,0,21,4,28,Android
1546005487908,5,0,21,4,28,iOS
1546005487908,6,0,21,4,28,Android
1546005487908,7,0,21,4,28,pc
1546005487908,7,1,21,4,28,pc
1546005487908,4,1,21,4,28,Android
1546005487907,1,1,21,4,28,iOS
1546005487908,6,1,21,4,28,Android
1546005487907,3,1,21,4,28,Android
1546005487906,0,1,21,4,28,iOS
1546005487907,2,1,21,4,28,pc
1546005487908,5,1,21,4,28,iOS
1546005487908,4,2,21,4,28,Android
1546005487907,3,2,21,4,28,Android
1546005487908,5,2,21,4,28,iOS
1546005487908,7,2,21,4,28,pc
1546005487906,0,2,21,4,28,iOS
1546005487907,2,2,21,4,28,pc
1546005487907,2,3,21,4,28,pc
1546005487907,3,3,21,4,28,Android
1546005487908,7,3,21,4,28,pc
1546005487906,0,3,21,4,28,iOS
1546005487908,4,3,21,4,28,Android
1546005487908,5,3,21,4,28,iOS
1546005487907,3,4,21,4,28,Android
1546005487908,5,4,21,4,28,iOS
1546005487908,7,4,21,4,28,pc
1546005487908,4,4,21,4,28,Android
1546005487906,0,4,21,4,28,iOS
1546005487907,3,5,21,4,28,Android
1546005487908,5,5,21,4,28,iOS
1546005487906,0,5,21,4,28,iOS
1546005487908,7,5,21,4,28,pc
1546005487906,0,6,21,4,28,iOS
1546005487907,3,6,21,4,28,Android
1546005487908,5,6,21,4,28,iOS
1546005487908,7,6,21,4,28,pc
1546005487908,7,7,21,4,28,pc
1546005487906,0,7,21,4,28,iOS
1546005487908,5,7,21,4,28,iOS
1546005487908,7,8,21,4,28,pc
1546005487906,0,8,21,4,28,iOS
1546005487908,5,8,21,4,28,iOS
1546005487906,0,9,21,4,28,iOS
1546005488176,0,0,21,4,28,Android
1546005488177,1,0,21,4,28,iOS
1546005488178,2,0,21,4,28,Android
1546005488181,3,0,21,4,28,iOS
1546005488181,4,0,21,4,28,pc
1546005488182,5,0,21,4,28,Android
1546005488182,6,0,21,4,28,iOS
1546005488183,7,0,21,4,28,pc
1546005488176,0,1,21,4,28,Android
1546005488182,5,1,21,4,28,Android
1546005488181,3,1,21,4,28,iOS
1546005488178,2,1,21,4,28,Android
1546005488181,4,1,21,4,28,pc
1546005488183,7,1,21,4,28,pc
1546005488177,1,1,21,4,28,iOS
1546005488182,6,1,21,4,28,iOS
1546005488178,2,2,21,4,28,Android
1546005488181,3,2,21,4,28,iOS
1546005488182,5,2,21,4,28,Android
1546005488181,4,2,21,4,28,pc
1546005488177,1,2,21,4,28,iOS
1546005488182,6,2,21,4,28,iOS
1546005488183,7,2,21,4,28,pc
1546005488178,2,3,21,4,28,Android
1546005488182,6,3,21,4,28,iOS
1546005488177,1,3,21,4,28,iOS
1546005488183,7,3,21,4,28,pc
1546005488182,5,3,21,4,28,Android
1546005488181,4,3,21,4,28,pc
1546005488183,7,4,21,4,28,pc
1546005488178,2,4,21,4,28,Android
1546005488181,4,4,21,4,28,pc
1546005488182,5,4,21,4,28,Android
1546005488177,1,4,21,4,28,iOS
1546005488182,6,4,21,4,28,iOS
1546005488182,5,5,21,4,28,Android
1546005488181,4,5,21,4,28,pc
1546005488183,7,5,21,4,28,pc
1546005488177,1,5,21,4,28,iOS
1546005488182,6,5,21,4,28,iOS
1546005488181,4,6,21,4,28,pc
1546005488177,1,6,21,4,28,iOS
1546005488182,5,6,21,4,28,Android
1546005488182,5,7,21,4,28,Android
1546005488181,4,7,21,4,28,pc
1546005488177,1,7,21,4,28,iOS
1546005488177,1,8,21,4,28,iOS
1546005488182,5,8,21,4,28,Android
1546005488177,1,9,21,4,28,iOS
1546005488182,5,9,21,4,28,Android
1546005488463,0,0,21,4,28,pc
1546005488463,1,0,21,4,28,Android
1546005488464,2,0,21,4,28,Android
1546005488464,3,0,21,4,28,iOS
1546005488465,4,0,21,4,28,Android
1546005488472,5,0,21,4,28,pc
1546005488486,6,0,21,4,28,pc
1546005488464,3,1,21,4,28,iOS
1546005488463,0,1,21,4,28,pc
1546005488463,1,1,21,4,28,Android
1546005488489,7,0,21,4,28,pc
1546005488472,5,1,21,4,28,pc
1546005488486,6,1,21,4,28,pc
1546005488463,0,2,21,4,28,pc
1546005488464,3,2,21,4,28,iOS
id
1546005488472,5,2,21,4,28,pc
1546005488464,3,3,21,4,28,iOS
1546005488465,4,3,21,4,28,Android
1546005488463,0,3,21,4,28,pc
1546005488464,3,4,21,4,28,iOS
1546005488463,0,4,21,4,28,pc
1546005488465,4,4,21,4,28,Android
1546005488472,5,3,21,4,28,pc
1546005488465,4,5,21,4,28,Android
1546005488464,3,5,21,4,28,iOS
1546005488463,0,5,21,4,28,pc
1546005488472,5,4,21,4,28,pc
1546005488463,0,6,21,4,28,pc
1546005488465,4,6,21,4,28,Android
1546005488472,5,5,21,4,28,pc
1546005488464,3,6,21,4,28,iOS
1546005488464,3,7,21,4,28,iOS
1546005488465,4,7,21,4,28,Android
1546005488463,0,7,21,4,28,pc
1546005488463,0,8,21,4,28,pc
1546005488695,0,0,21,4,28,pc
1546005488695,1,0,21,4,28,iOS
1546005488696,2,0,21,4,28,iOS
1546005488696,3,0,21,4,28,Android
1546005488697,4,0,21,4,28,pc
1546005488697,5,0,21,4,28,Android
1546005488698,6,0,21,4,28,Android
1546005488699,7,0,21,4,28,pc
1546005488696,2,1,21,4,28,iOS
1546005488697,5,1,21,4,28,Android
1546005488697,4,1,21,4,28,pc
1546005488696,3,1,21,4,28,Android
1546005488695,0,1,21,4,28,pc
1546005488699,7,1,21,4,28,pc
1546005488698,6,1,21,4,28,Android
1546005488695,1,1,21,4,28,iOS
1546005488697,4,2,21,4,28,pc
1546005488697,5,2,21,4,28,Android
1546005488696,3,2,21,4,28,Android
1546005488698,6,2,21,4,28,Android
1546005488699,7,2,21,4,28,pc
1546005488695,1,2,21,4,28,iOS
1546005488695,0,2,21,4,28,pc
1546005488696,3,3,21,4,28,Android
1546005488698,6,3,21,4,28,Android
1546005488697,5,3,21,4,28,Android
1546005488699,7,3,21,4,28,pc
1546005488695,1,3,21,4,28,iOS
1546005488697,4,3,21,4,28,pc
1546005488695,0,3,21,4,28,pc
1546005488695,0,4,21,4,28,pc
1546005488696,3,4,21,4,28,Android
1546005488699,7,4,21,4,28,pc
1546005488697,5,4,21,4,28,Android
1546005488698,6,4,21,4,28,Android
1546005488699,7,5,21,4,28,pc
1546005488696,3,5,21,4,28,Android
1546005488698,6,5,21,4,28,Android
1546005488697,5,5,21,4,28,Android
1546005488699,7,6,21,4,28,pc
1546005488696,3,6,21,4,28,Android
1546005488697,5,6,21,4,28,Android
1546005488695,0,6,21,4,28,pc
1546005488696,3,7,21,4,28,Android
1546005488697,5,7,21,4,28,Android
1546005488696,3,8,21,4,28,Android
1546005488940,0,0,21,4,28,pc
1546005488940,1,0,21,4,28,Android
1546005488940,2,0,21,4,28,iOS
1546005488941,3,0,21,4,28,iOS
1546005488941,4,0,21,4,28,pc
1546005488941,5,0,21,4,28,pc
1546005488942,6,0,21,4,28,pc
1546005488942,7,0,21,4,28,Android
1546005488940,2,1,21,4,28,iOS
1546005488940,1,1,21,4,28,Android
1546005488942,6,1,21,4,28,pc
1546005488941,3,1,21,4,28,iOS
1546005488940,0,1,21,4,28,pc
1546005488942,7,1,21,4,28,Android
1546005488940,0,2,21,4,28,pc
1546005488941,3,2,21,4,28,iOS1546005488940,1,2,21,4,28,Android
1546005488940,2,2,21,4,28,iOS
1546005488942,7,2,21,4,28,Android
1546005488940,2,3,21,4,28,iOS
1546005488940,1,3,21,4,28,Android
1546005488942,6,3,21,4,28,pc
1546005488941,3,3,21,4,28,iOS
1546005488942,7,3,21,4,28,Android
1546005488942,6,4,21,4,28,pc
1546005488940,1,4,21,4,28,Android
1546005488941,3,4,21,4,28,iOS
1546005488940,1,5,21,4,28,Android
1546005488942,6,5,21,4,28,pc
1546005488941,3,5,21,4,28,iOS
1546005488941,3,6,21,4,28,iOS
1546005488942,6,6,21,4,28,pc
1546005488940,1,6,21,4,28,Android
1546005488941,3,7,21,4,28,iOS
1546005488942,6,7,21,4,28,pc
1546005488940,1,7,21,4,28,Android
1546005488942,6,8,21,4,28,pc
1546005488941,3,8,21,4,28,iOS
1546005488940,1,8,21,4,28,Android
1546005488942,6,9,21,4,28,pc
1546005488940,1,9,21,4,28,Android
1546005489178,0,0,21,4,28,iOS
1546005489179,1,0,21,4,28,Android
1546005489179,2,0,21,4,28,iOS
1546005489180,3,0,21,4,28,pc
1546005489180,4,0,21,4,28,iOS
1546005489181,5,0,21,4,28,Android
1546005489181,6,0,21,4,28,iOS
1546005489181,7,0,21,4,28,iOS
1546005489181,7,1,21,4,28,iOS
1546005489179,2,1,21,4,28,iOS
1546005489178,0,1,21,4,28,iOS
1546005489179,1,1,21,4,28,Android
1546005489180,4,1,21,4,28,iOS
1546005489180,3,1,21,4,28,pc
1546005489181,5,1,21,4,28,Android
1546005489181,6,2,21,4,28,iOS
1546005489179,2,2,21,4,28,iOS
1546005489178,0,2,21,4,28,iOS
1546005489181,7,2,21,4,28,iOS
1546005489181,5,2,21,4,28,Android
1546005489179,2,3,21,4,28,iOS
1546005489181,7,3,21,4,28,iOS
1546005489181,5,3,21,4,28,Android
1546005489178,0,3,21,4,28,iOS
1546005489181,6,3,21,4,28,iOS
1546005489179,2,4,21,4,28,iOS
1546005489178,0,4,21,4,28,iOS
1546005489181,5,4,21,4,28,Android
1546005489181,6,4,21,4,28,iOS
1546005489181,7,4,21,4,28,iOS
1546005489179,2,5,21,4,28,iOS
1546005489181,7,5,21,4,28,iOS
1546005489181,5,5,21,4,28,Android
1546005489178,0,5,21,4,28,iOS
1546005489181,5,6,21,4,28,Android
1546005489179,2,6,21,4,28,iOS
1546005489181,5,7,21,4,28,Android
1546005489179,2,7,21,4,28,iOS
1546005489179,2,8,21,4,28,iOS
1546005489181,5,8,21,4,28,Android
1546005489181,5,9,21,4,28,Android
1546005489427,0,0,21,4,28,Android
1546005489427,1,0,21,4,28,Android
1546005489428,2,0,21,4,28,iOS
1546005489428,3,0,21,4,28,Android
1546005489429,4,0,21,4,28,Android
1546005489430,5,0,21,4,28,Android
1546005489430,6,0,21,4,28,Android
1546005489431,7,0,21,4,28,iOS
1546005489428,3,1,21,4,28,Android
1546005489430,5,1,21,4,28,Android
1546005489431,7,1,21,4,28,iOS
1546005489430,6,1,21,4,28,Android
1546005489429,4,1,21,4,28,Android
1546005489427,0,1,21,4,28,Android
1546005489431,7,2,21,4,28,iOS
1546005489428,3,2,21,4,28,Android
1546005489428,2,2,21,4,28,iOS
1546005489427,1,2,21,4,28,Android
1546005489430,5,2,21,4,28,Android
1546005489429,4,2,21,4,28,Android
1546005489430,6,2,21,4,28,Android
1546005489427,0,2,21,4,28,Android
1546005489428,2,3,21,4,28,iOS
1546005489431,7,3,21,4,28,iOS
1546005489427,1,3,21,4,28,Android
1546005489428,3,3,21,4,28,Android
1546005489427,0,3,21,4,28,Android
1546005489430,5,3,21,4,28,Android
1546005489429,4,3,21,4,28,Android
1546005489429,4,4,21,4,28,Android
1546005489427,1,4,21,4,28,Android
1546005489430,5,4,21,4,28,Android
1546005489431,7,4,21,4,28,iOS
1546005489428,2,4,21,4,28,iOS
1546005489427,0,4,21,4,28,Android
1546005489428,3,4,21,4,28,Android
1546005489427,1,5,21,4,28,Android
1546005489431,7,5,21,4,28,iOS
1546005489429,4,5,21,4,28,Android
1546005489428,3,5,21,4,28,Android
1546005489428,2,5,21,4,28,iOS
1546005489427,0,5,21,4,28,Android
1546005489430,5,5,21,4,28,Android
1546005489428,2,6,21,4,28,iOS
1546005489427,1,6,21,4,28,Android
1546005489429,4,6,21,4,28,Android
1546005489431,7,6,21,4,28,iOS
id
1546005489430,5,6,21,4,28,Android
1546005489431,7,7,21,4,28,iOS
1546005489427,1,7,21,4,28,Android
1546005489430,5,7,21,4,28,Android
1546005489429,4,7,21,4,28,Android
1546005489428,2,7,21,4,28,iOS
1546005489427,1,8,21,4,28,Android
1546005489430,5,8,21,4,28,Android
1546005489428,2,8,21,4,28,iOS
1546005489431,7,8,21,4,28,iOS
1546005489430,5,9,21,4,28,Android
1546005489427,1,9,21,4,28,Android
1546005489431,7,9,21,4,28,iOS
1546005489715,0,0,21,4,28,pc
1546005489715,1,0,21,4,28,Android
1546005489716,2,0,21,4,28,pc
1546005489716,3,0,21,4,28,pc
1546005489717,4,0,21,4,28,Android
1546005489718,5,0,21,4,28,Android
1546005489719,6,0,21,4,28,iOS
1546005489719,7,0,21,4,28,pc
1546005489719,6,1,21,4,28,iOS
1546005489717,4,1,21,4,28,Android
1546005489715,0,1,21,4,28,pc
oid
1546005489715,1,1,21,4,28,Android
1546005489717,4,2,21,4,28,Android
1546005489719,6,2,21,4,28,iOS
1546005489716,2,2,21,4,28,pc
1546005489716,3,2,21,4,28,pc
1546005489715,0,2,21,4,28,pc
1546005489719,7,2,21,4,28,pc
1546005489715,1,2,21,4,28,Android
1546005489715,0,3,21,4,28,pc
1546005489716,3,3,21,4,28,pc
1546005489719,7,3,21,4,28,pc
1546005489719,6,3,21,4,28,iOS
1546005489719,7,4,21,4,28,pc
1546005489715,0,4,21,4,28,pc
1546005489716,3,4,21,4,28,pc
1546005489719,6,4,21,4,28,iOS
1546005489715,0,5,21,4,28,pc
1546005489716,3,5,21,4,28,pc
1546005489716,3,6,21,4,28,pc
1546005489715,0,6,21,4,28,pc
1546005490001,0,0,21,4,28,Android
1546005490002,1,0,21,4,28,iOS
1546005490002,2,0,21,4,28,Android
1546005490002,3,0,21,4,28,pc
1546005490002,4,0,21,4,28,iOS
1546005490003,5,0,21,4,28,Android
1546005490003,6,0,21,4,28,Android
1546005490003,7,0,21,4,28,iOS
1546005490003,5,1,21,4,28,Android
1546005490002,1,1,21,4,28,iOS
1546005490002,2,1,21,4,28,Android
1546005490001,0,1,21,4,28,Android
1546005490003,6,1,21,4,28,Android
1546005490003,7,1,21,4,28,iOS
1546005490002,3,1,21,4,28,pc
1546005490002,3,2,21,4,28,pc
1546005490002,1,2,21,4,28,iOS
1546005490003,6,2,21,4,28,Android
1546005490001,0,2,21,4,28,Android
1546005490002,2,2,21,4,28,Android
1546005490003,5,2,21,4,28,Android
1546005490002,1,3,21,4,28,iOS
1546005490003,6,3,21,4,28,Android
1546005490001,0,3,21,4,28,Android
1546005490003,5,3,21,4,28,Android
1546005490002,2,3,21,4,28,Android
1546005490002,3,3,21,4,28,pc
1546005490001,0,4,21,4,28,Android
1546005490002,2,4,21,4,28,Android
1546005490003,5,4,21,4,28,Android
1546005490002,3,4,21,4,28,pc
1546005490002,1,4,21,4,28,iOS
1546005490002,2,5,21,4,28,Android
1546005490002,3,5,21,4,28,pc
1546005490003,5,5,21,4,28,Android
1546005490002,1,5,21,4,28,iOS
1546005490001,0,5,21,4,28,Android
1546005490002,2,6,21,4,28,Android
1546005490003,5,6,21,4,28,Android
1546005490002,1,6,21,4,28,iOS
1546005490002,3,6,21,4,28,pc
1546005490002,3,7,21,4,28,pc
1546005490003,5,7,21,4,28,Android
1546005490002,1,7,21,4,28,iOS
1546005490002,2,7,21,4,28,Android
1546005490002,1,8,21,4,28,iOS
1546005490002,2,8,21,4,28,Android
1546005490002,1,9,21,4,28,iOS
1546005490462,0,0,21,4,28,Android
1546005490513,1,0,21,4,28,Android
1546005490516,2,0,21,4,28,pc
1546005490517,3,0,21,4,28,iOS
1546005490518,4,0,21,4,28,iOS
1546005490526,6,0,21,4,28,pc
1546005490462,0,1,21,4,28,Android
1546005490525,5,0,21,4,28,iOS
1546005490517,3,1,21,4,28,iOS
1546005490518,4,1,21,4,28,iOS
1546005490516,2,1,21,4,28,pc
1546005490534,7,0,21,4,28,Android
1546005490516,2,2,21,4,28,pc
1546005490518,4,2,21,4,28,iOS
1546005490534,7,1,21,4,28,Android
1546005490462,0,2,21,4,28,Android
1546005490517,3,2,21,4,28,iOS
1546005490525,5,1,21,4,28,iOS
1546005490526,6,1,21,4,28,pc
1546005490534,7,2,21,4,28,Android
1546005490525,5,2,21,4,28,iOS
1546005490517,3,3,21,4,28,iOS
1546005490526,6,2,21,4,28,pc
1546005490462,0,3,21,4,28,Android
1546005490518,4,3,21,4,28,iOS
1546005490516,2,3,21,4,28,pc
1546005490526,6,3,21,4,28,pc

1546005490517,3,4,21,4,28,iOS
1546005490534,7,3,21,4,28,Android
1546005490462,0,4,21,4,28,Android
1546005490516,2,4,21,4,28,pc
1546005490526,6,4,21,4,28,pc
1546005490517,3,5,21,4,28,iOS
1546005490525,5,4,21,4,28,iOS
1546005490516,2,5,21,4,28,pc
1546005490534,7,4,21,4,28,Android
1546005490525,5,5,21,4,28,iOS
1546005490516,2,6,21,4,28,pc
1546005490534,7,5,21,4,28,Android
1546005490516,2,7,21,4,28,pc
1546005490534,7,6,21,4,28,Android
1546005490525,5,6,21,4,28,iOS
1546005490516,2,8,21,4,28,pc
1546005490525,5,7,21,4,28,iOS
1546005490534,7,7,21,4,28,Android
1546005490534,7,8,21,4,28,Android
1546005490516,2,9,21,4,28,pc
1546005490525,5,8,21,4,28,iOS
1546005490791,0,0,21,4,28,iOS
1546005490791,1,0,21,4,28,iOS
1546005490792,2,0,21,4,28,Android
1546005490792,3,0,21,4,28,pc
1546005490792,4,0,21,4,28,Android
1546005490793,5,0,21,4,28,Android
1546005490793,6,0,21,4,28,Android
1546005490793,7,0,21,4,28,pc
1546005490793,6,1,21,4,28,Android
1546005490792,4,1,21,4,28,Android
1546005490791,1,1,21,4,28,iOS
1546005490792,2,1,21,4,28,Android
1546005490791,0,1,21,4,28,iOS
1546005490793,6,2,21,4,28,Android
1546005490791,1,2,21,4,28,iOS
1546005490792,4,2,21,4,28,Android
1546005490792,2,2,21,4,28,Android
1546005490792,2,3,21,4,28,Android
1546005490793,6,3,21,4,28,Android
1546005490791,1,3,21,4,28,iOS
1546005490791,1,4,21,4,28,iOS
1546005490792,2,4,21,4,28,Android
1546005490791,1,5,21,4,28,iOS
id
1546005490791,1,6,21,4,28,iOS
1546005490994,0,0,21,4,28,Android
1546005490994,1,0,21,4,28,pc
1546005490995,2,0,21,4,28,Android
1546005490995,3,0,21,4,28,Android
1546005490996,4,0,21,4,28,iOS
1546005490996,5,0,21,4,28,iOS
1546005490996,6,0,21,4,28,pc
1546005490996,7,0,21,4,28,Android
1546005490996,6,1,21,4,28,pc
1546005490994,0,1,21,4,28,Android
1546005490996,4,1,21,4,28,iOS
1546005490996,5,1,21,4,28,iOS
1546005490995,3,1,21,4,28,Android
1546005490995,2,1,21,4,28,Android
1546005490994,1,1,21,4,28,pc
1546005490996,4,2,21,4,28,iOS
1546005490995,3,2,21,4,28,Android
1546005490996,6,2,21,4,28,pc
1546005490995,2,2,21,4,28,Android
1546005490994,0,2,21,4,28,Android
1546005490995,2,3,21,4,28,Android
1546005490994,0,3,21,4,28,Android
1546005490996,6,3,21,4,28,pc
1546005490994,0,4,21,4,28,Android
1546005490995,2,4,21,4,28,Android
1546005490994,0,5,21,4,28,Android
1546005490994,0,6,21,4,28,Android
1546005490994,0,7,21,4,28,Android
1546005490994,0,8,21,4,28,Android
1546005491234,0,0,21,4,28,Android
1546005491234,1,0,21,4,28,pc
1546005491234,2,0,21,4,28,pc
1546005491235,3,0,21,4,28,iOS
1546005491235,4,0,21,4,28,pc
1546005491235,5,0,21,4,28,Android
1546005491235,6,0,21,4,28,pc
1546005491236,7,0,21,4,28,iOS
1546005491235,5,1,21,4,28,Android
1546005491236,7,1,21,4,28,iOS
1546005491234,0,1,21,4,28,Android
1546005491234,2,1,21,4,28,pc
1546005491234,1,1,21,4,28,pc
1546005491235,3,1,21,4,28,iOS
1546005491235,4,1,21,4,28,pc
1546005491235,6,1,21,4,28,pc
1546005491235,3,2,21,4,28,iOS
1546005491236,7,2,21,4,28,iOS
1546005491234,1,2,21,4,28,pc
1546005491235,6,2,21,4,28,pc
1546005491234,0,2,21,4,28,Android
1546005491235,4,2,21,4,28,pc
1546005491234,2,2,21,4,28,pc
1546005491235,5,2,21,4,28,Android
1546005491234,1,3,21,4,28,pc
1546005491236,7,3,21,4,28,iOS
1546005491234,0,3,21,4,28,Android
1546005491235,4,3,21,4,28,pc
1546005491234,2,3,21,4,28,pc
1546005491235,3,3,21,4,28,iOS
1546005491236,7,4,21,4,28,iOS
1546005491235,4,4,21,4,28,pc
1546005491234,2,4,21,4,28,pc
1546005491234,1,4,21,4,28,pc
1546005491234,0,4,21,4,28,Android
1546005491235,4,5,21,4,28,pc
1546005491236,7,5,21,4,28,iOS
1546005491234,0,5,21,4,28,Android
1546005491234,1,5,21,4,28,pc
1546005491235,4,6,21,4,28,pc
1546005491234,1,6,21,4,28,pc
1546005491236,7,6,21,4,28,iOS
1546005491234,1,7,21,4,28,pc
1546005491236,7,7,21,4,28,iOS
1546005491236,7,8,21,4,28,iOS
1546005491480,0,0,21,4,28,Android
1546005491480,1,0,21,4,28,iOS
1546005491481,2,0,21,4,28,Android
1546005491481,3,0,21,4,28,Android
1546005491481,4,0,21,4,28,Android
1546005491481,5,0,21,4,28,pc
1546005491481,6,0,21,4,28,iOS
1546005491482,7,0,21,4,28,Android
1546005491481,4,1,21,4,28,Android
1546005491481,6,1,21,4,28,iOS
1546005491481,2,1,21,4,28,Android
1546005491480,1,1,21,4,28,iOS
1546005491481,3,1,21,4,28,Android
1546005491481,5,1,21,4,28,pc
1546005491480,0,1,21,4,28,Android
1546005491480,1,2,21,4,28,iOS
1546005491481,6,2,21,4,28,iOS
1546005491481,4,2,21,4,28,Android
1546005491480,0,2,21,4,28,Android
1546005491481,5,2,21,4,28,pc
1546005491481,3,2,21,4,28,Android
1546005491480,1,3,21,4,28,iOS
1546005491480,0,3,21,4,28,Android
1546005491481,5,3,21,4,28,pc
1546005491481,3,3,21,4,28,Android
1546005491481,6,3,21,4,28,iOS
1546005491481,4,3,21,4,28,Android
1546005491480,1,4,21,4,28,iOS
1546005491480,0,4,21,4,28,Android
1546005491481,4,4,21,4,28,Android
1546005491481,3,4,21,4,28,Android
1546005491481,5,4,21,4,28,pc

1546005491480,0,5,21,4,28,Android
1546005491481,3,5,21,4,28,Android
1546005491480,1,5,21,4,28,iOS
1546005491481,6,5,21,4,28,iOS
1546005491481,4,5,21,4,28,Android
1546005491481,5,5,21,4,28,pc
1546005491481,5,6,21,4,28,pc
1546005491481,3,6,21,4,28,Android
1546005491480,0,6,21,4,28,Android
1546005491481,4,6,21,4,28,Android
1546005491480,0,7,21,4,28,Android
1546005491481,3,7,21,4,28,Android
1546005491481,4,7,21,4,28,Android
1546005491480,0,8,21,4,28,Android
1546005491814,0,0,21,4,28,Android
1546005491814,1,0,21,4,28,pc
1546005491814,2,0,21,4,28,Android
1546005491815,3,0,21,4,28,Android
1546005491815,4,0,21,4,28,Android
1546005491815,5,0,21,4,28,Android
1546005491815,6,0,21,4,28,iOS
1546005491815,7,0,21,4,28,pc
1546005491815,6,1,21,4,28,iOS
1546005491815,4,1,21,4,28,Android
1546005491815,3,1,21,4,28,Android
1546005491814,0,1,21,4,28,Android
1546005491815,7,1,21,4,28,pc
1546005491814,1,1,21,4,28,pc
1546005491814,2,1,21,4,28,Android
1546005491815,4,2,21,4,28,Android
1546005491815,3,2,21,4,28,Android
1546005491814,1,2,21,4,28,pc
1546005491814,0,2,21,4,28,Android
1546005491815,7,2,21,4,28,pc
1546005491814,0,3,21,4,28,Android
1546005491815,3,3,21,4,28,Android
1546005491814,1,3,21,4,28,pc
1546005491815,7,3,21,4,28,pc
1546005491815,4,3,21,4,28,Android
1546005491815,4,4,21,4,28,Android
1546005491814,1,4,21,4,28,pc
1546005491814,1,5,21,4,28,pc
1546005491815,4,5,21,4,28,Android
1546005491814,0,5,21,4,28,Android
1546005491815,7,5,21,4,28,pc
1546005491815,4,6,21,4,28,Android
1546005491814,0,6,21,4,28,Android
1546005491814,0,7,21,4,28,Android
1546005491814,1,7,21,4,28,pc
1546005491814,0,8,21,4,28,Android
1546005491814,1,8,21,4,28,pc
1546005491814,1,9,21,4,28,pc
1546005492088,0,0,21,4,28,Android
1546005492088,1,0,21,4,28,Android
1546005492089,2,0,21,4,28,pc
1546005492089,3,0,21,4,28,Android
1546005492089,4,0,21,4,28,pc
1546005492090,5,0,21,4,28,pc
1546005492090,6,0,21,4,28,pc
1546005492090,7,0,21,4,28,Android
1546005492089,2,1,21,4,28,pc
1546005492090,7,1,21,4,28,Android
1546005492090,5,1,21,4,28,pc
oid
1546005492088,1,1,21,4,28,Android
1546005492089,4,1,21,4,28,pc
1546005492089,4,2,21,4,28,pc
1546005492088,1,2,21,4,28,Android
1546005492089,2,2,21,4,28,pc
1546005492088,0,2,21,4,28,Android
1546005492090,7,2,21,4,28,Android
1546005492090,6,2,21,4,28,pc
1546005492090,5,2,21,4,28,pc
1546005492088,0,3,21,4,28,Android
1546005492090,6,3,21,4,28,pc
1546005492089,4,3,21,4,28,pc
1546005492090,5,3,21,4,28,pc
1546005492088,1,3,21,4,28,Android
1546005492090,7,3,21,4,28,Android
1546005492090,6,4,21,4,28,pc
oid
1546005492090,7,4,21,4,28,Android
1546005492088,1,4,21,4,28,Android
1546005492090,5,4,21,4,28,pc
1546005492285,0,0,21,4,28,Android
1546005492285,1,0,21,4,28,Android
1546005492286,2,0,21,4,28,Android
1546005492286,4,0,21,4,28,Android
1546005492286,5,0,21,4,28,Android
1546005492286,3,0,21,4,28,Android
1546005492286,6,0,21,4,28,pc
1546005492287,7,0,21,4,28,Android
1546005492285,1,1,21,4,28,Android
1546005492287,7,1,21,4,28,Android
1546005492285,0,1,21,4,28,Android
1546005492286,5,1,21,4,28,Android
1546005492286,4,1,21,4,28,Android
1546005492286,3,1,21,4,28,Android
1546005492286,6,1,21,4,28,pc
1546005492286,6,2,21,4,28,pc
1546005492286,4,2,21,4,28,Android
1546005492285,0,2,21,4,28,Android
1546005492285,1,2,21,4,28,Android
1546005492286,5,2,21,4,28,Android
1546005492286,3,2,21,4,28,Android
1546005492286,6,3,21,4,28,pc
1546005492286,4,3,21,4,28,Android
1546005492286,5,3,21,4,28,Android
1546005492286,3,3,21,4,28,Android
1546005492285,1,3,21,4,28,Android
1546005492286,4,4,21,4,28,Android
1546005492285,1,4,21,4,28,Android
1546005492286,3,4,21,4,28,Android
1546005492286,6,4,21,4,28,pc
1546005492286,5,4,21,4,28,Android
1546005492285,1,5,21,4,28,Android
1546005492286,5,5,21,4,28,Android
1546005492286,4,5,21,4,28,Android
1546005492286,6,5,21,4,28,pc
1546005492286,3,5,21,4,28,Android
1546005492286,4,6,21,4,28,Android
1546005492286,3,6,21,4,28,Android
1546005492285,1,6,21,4,28,Android
1546005492286,6,6,21,4,28,pc
1546005492286,4,7,21,4,28,Android
1546005492285,1,7,21,4,28,Android
1546005492286,6,7,21,4,28,pc
1546005492285,1,8,21,4,28,Android
1546005492286,4,8,21,4,28,Android
1546005492286,6,8,21,4,28,pc
1546005492286,6,9,21,4,28,pc
1546005492285,1,9,21,4,28,Android
1546005492594,0,0,21,4,28,Android
1546005492595,1,0,21,4,28,pc
1546005492595,2,0,21,4,28,pc
1546005492595,3,0,21,4,28,Android
1546005492596,4,0,21,4,28,Android
1546005492596,5,0,21,4,28,iOS
1546005492597,6,0,21,4,28,Android
1546005492597,7,0,21,4,28,pc
1546005492595,3,1,21,4,28,Android
1546005492594,0,1,21,4,28,Android
1546005492595,1,1,21,4,28,pc
1546005492596,4,1,21,4,28,Android
1546005492597,6,1,21,4,28,Android
1546005492597,7,1,21,4,28,pc
1546005492595,2,1,21,4,28,pc
1546005492596,5,1,21,4,28,iOS
1546005492597,7,2,21,4,28,pc
1546005492594,0,2,21,4,28,Android
1546005492595,2,2,21,4,28,pc
1546005492597,6,2,21,4,28,Android
1546005492595,3,2,21,4,28,Android
1546005492595,1,2,21,4,28,pc
1546005492596,4,2,21,4,28,Android
1546005492596,5,2,21,4,28,iOS
1546005492595,2,3,21,4,28,pc
1546005492597,7,3,21,4,28,pc
1546005492595,1,3,21,4,28,pc
1546005492595,3,3,21,4,28,Android
1546005492596,5,3,21,4,28,iOS
1546005492594,0,3,21,4,28,Android
1546005492596,4,3,21,4,28,Android
1546005492597,6,3,21,4,28,Android
1546005492595,1,4,21,4,28,pc
1546005492594,0,4,21,4,28,Android
1546005492596,5,4,21,4,28,iOS
1546005492596,4,4,21,4,28,Android
1546005492595,2,4,21,4,28,pc
1546005492597,6,4,21,4,28,Android
1546005492597,7,4,21,4,28,pc
1546005492595,3,4,21,4,28,Android
1546005492596,5,5,21,4,28,iOS
1546005492594,0,5,21,4,28,Android
1546005492595,1,5,21,4,28,pc
1546005492595,3,5,21,4,28,Android
1546005492596,4,5,21,4,28,Android
1546005492595,2,5,21,4,28,pc
1546005492597,7,5,21,4,28,pc
1546005492594,0,6,21,4,28,Android
1546005492596,5,6,21,4,28,iOS
1546005492595,2,6,21,4,28,pc
1546005492596,4,6,21,4,28,Android
1546005492595,3,6,21,4,28,Android
1546005492597,7,6,21,4,28,pc
1546005492595,1,6,21,4,28,pc
1546005492596,4,7,21,4,28,Android
1546005492595,2,7,21,4,28,pc
1546005492597,7,7,21,4,28,pc
1546005492594,0,7,21,4,28,Android
1546005492596,5,7,21,4,28,iOS
1546005492596,4,8,21,4,28,Android
1546005492595,2,8,21,4,28,pc
1546005492594,0,8,21,4,28,Android
1546005492594,0,9,21,4,28,Android
1546005492596,4,9,21,4,28,Android
1546005493018,0,0,21,4,28,iOS
1546005493018,1,0,21,4,28,iOS
1546005493020,2,0,21,4,28,Android
1546005493020,3,0,21,4,28,pc
1546005493020,4,0,21,4,28,Android
1546005493020,5,0,21,4,28,iOS
1546005493020,6,0,21,4,28,iOS
1546005493020,7,0,21,4,28,Android
1546005493020,6,1,21,4,28,iOS
1546005493020,3,1,21,4,28,pc
1546005493018,1,1,21,4,28,iOS
1546005493020,2,1,21,4,28,Android
1546005493020,4,1,21,4,28,Android
1546005493018,0,1,21,4,28,iOS
1546005493020,5,1,21,4,28,iOS
1546005493020,7,1,21,4,28,Android
1546005493020,6,2,21,4,28,iOS
1546005493020,4,2,21,4,28,Android
1546005493020,5,2,21,4,28,iOS
1546005493020,7,2,21,4,28,Android
1546005493018,0,2,21,4,28,iOS
1546005493020,2,2,21,4,28,Android
1546005493018,1,2,21,4,28,iOS
1546005493020,6,3,21,4,28,iOS
1546005493020,5,3,21,4,28,iOS
1546005493020,4,3,21,4,28,Android
1546005493020,3,3,21,4,28,pc
1546005493020,7,3,21,4,28,Android
1546005493018,1,3,21,4,28,iOS
1546005493018,0,3,21,4,28,iOS
1546005493020,4,4,21,4,28,Android
1546005493018,0,4,21,4,28,iOS
1546005493020,3,4,21,4,28,pc
1546005493020,5,4,21,4,28,iOS
1546005493020,7,4,21,4,28,Android
1546005493020,6,4,21,4,28,iOS
1546005493018,1,4,21,4,28,iOS
1546005493018,0,5,21,4,28,iOS
1546005493020,5,5,21,4,28,iOS
1546005493020,4,5,21,4,28,Android
1546005493020,6,5,21,4,28,iOS
1546005493020,7,5,21,4,28,Android
1546005493020,3,6,21,4,28,pc
1546005493020,4,6,21,4,28,Android
1546005493020,6,6,21,4,28,iOS
1546005493018,0,6,21,4,28,iOS
1546005493020,4,7,21,4,28,Android
1546005493018,0,7,21,4,28,iOS
1546005493020,6,7,21,4,28,iOS
1546005493020,3,7,21,4,28,pc
1546005493020,6,8,21,4,28,iOS
1546005493020,3,8,21,4,28,pc
1546005493344,0,0,21,4,28,Android
1546005493344,1,0,21,4,28,pc
1546005493345,2,0,21,4,28,pc
1546005493345,3,0,21,4,28,iOS
1546005493346,4,0,21,4,28,pc
1546005493346,5,0,21,4,28,pc
1546005493346,6,0,21,4,28,pc
1546005493346,7,0,21,4,28,pc
1546005493346,4,1,21,4,28,pc
1546005493346,5,1,21,4,28,pc
1546005493345,2,1,21,4,28,pc
oid
1546005493345,3,1,21,4,28,iOS
1546005493346,7,1,21,4,28,pc
1546005493346,6,1,21,4,28,pc
1546005493344,1,2,21,4,28,pc
1546005493346,6,2,21,4,28,pc
1546005493346,5,2,21,4,28,pc
1546005493346,7,2,21,4,28,pc
1546005493345,2,2,21,4,28,pc
1546005493344,0,2,21,4,28,Android
1546005493345,3,2,21,4,28,iOS
1546005493345,2,3,21,4,28,pc
1546005493344,1,3,21,4,28,pc
1546005493346,7,3,21,4,28,pc
1546005493346,6,3,21,4,28,pc
1546005493344,0,3,21,4,28,Android
1546005493345,3,3,21,4,28,iOS
1546005493346,7,4,21,4,28,pc
1546005493346,6,4,21,4,28,pc

1546005493344,0,4,21,4,28,Android
1546005493345,3,5,21,4,28,iOS
1546005493346,7,5,21,4,28,pc
1546005493346,6,5,21,4,28,pc
1546005493344,0,5,21,4,28,Android
1546005493346,7,6,21,4,28,pc
1546005493346,6,6,21,4,28,pc
1546005493344,0,6,21,4,28,Android
1546005493346,7,7,21,4,28,pc
1546005493346,6,7,21,4,28,pc
1546005493346,6,8,21,4,28,pc
1546005493569,0,0,21,4,28,iOS
1546005493569,1,0,21,4,28,iOS
1546005493570,2,0,21,4,28,iOS
1546005493571,3,0,21,4,28,pc
1546005493571,4,0,21,4,28,iOS
1546005493572,5,0,21,4,28,iOS
1546005493573,6,0,21,4,28,iOS
1546005493574,7,0,21,4,28,pc
1546005493571,3,1,21,4,28,pc
1546005493569,1,1,21,4,28,iOS
1546005493569,0,1,21,4,28,iOS
1546005493573,6,1,21,4,28,iOS
1546005493574,7,1,21,4,28,pc
1546005493572,5,1,21,4,28,iOS
1546005493570,2,1,21,4,28,iOS
1546005493570,2,2,21,4,28,iOS
1546005493574,7,2,21,4,28,pc
1546005493573,6,2,21,4,28,iOS
1546005493571,3,2,21,4,28,pc
1546005493569,0,2,21,4,28,iOS
1546005493570,2,3,21,4,28,iOS
1546005493569,0,3,21,4,28,iOS
1546005493573,6,3,21,4,28,iOS
1546005493571,3,3,21,4,28,pc
1546005493574,7,3,21,4,28,pc
1546005493569,0,4,21,4,28,iOS
1546005493573,6,4,21,4,28,iOS
1546005493571,3,4,21,4,28,pc
1546005493570,2,4,21,4,28,iOS
1546005493574,7,4,21,4,28,pc
1546005493573,6,5,21,4,28,iOS
1546005493570,2,5,21,4,28,iOS
1546005493571,3,5,21,4,28,pc
1546005493574,7,5,21,4,28,pc
1546005493573,6,6,21,4,28,iOS
1546005493570,2,6,21,4,28,iOS
1546005493573,6,7,21,4,28,iOS
1546005493573,6,8,21,4,28,iOS
1546005493836,0,0,21,4,28,iOS
1546005493836,1,0,21,4,28,iOS
1546005493836,2,0,21,4,28,Android
1546005493837,3,0,21,4,28,pc
1546005493837,4,0,21,4,28,pc
1546005493837,5,0,21,4,28,pc
1546005493838,6,0,21,4,28,iOS
1546005493838,7,0,21,4,28,iOS
1546005493837,5,1,21,4,28,pc
1546005493836,1,1,21,4,28,iOS
1546005493838,7,1,21,4,28,iOS
1546005493836,0,1,21,4,28,iOS
1546005493837,3,1,21,4,28,pc
1546005493837,4,1,21,4,28,pc
1546005493838,6,1,21,4,28,iOS
1546005493836,2,1,21,4,28,Android
1546005493838,7,2,21,4,28,iOS
1546005493836,0,2,21,4,28,iOS
1546005493836,2,2,21,4,28,Android
1546005493837,5,2,21,4,28,pc
1546005493836,1,2,21,4,28,iOS
1546005493837,4,2,21,4,28,pc
1546005493838,6,2,21,4,28,iOS
1546005493836,1,3,21,4,28,iOS
1546005493837,5,3,21,4,28,pc
1546005493838,7,3,21,4,28,iOS
1546005493838,6,3,21,4,28,iOS
1546005493837,4,3,21,4,28,pc
1546005493836,0,3,21,4,28,iOS
1546005493836,1,4,21,4,28,iOS
1546005493837,5,4,21,4,28,pc
1546005493838,7,4,21,4,28,iOS
1546005493836,0,4,21,4,28,iOS
1546005493837,4,4,21,4,28,pc
1546005493836,1,5,21,4,28,iOS
1546005493837,4,5,21,4,28,pc
1546005493838,7,5,21,4,28,iOS
1546005493836,0,5,21,4,28,iOS
1546005493837,5,5,21,4,28,pc
1546005493837,5,6,21,4,28,pc
1546005493837,4,6,21,4,28,pc
1546005493836,0,6,21,4,28,iOS
1546005493836,1,6,21,4,28,iOS
1546005493838,7,6,21,4,28,iOS
1546005493838,7,7,21,4,28,iOS
1546005493837,5,7,21,4,28,pc
1546005493836,1,7,21,4,28,iOS
1546005493838,7,8,21,4,28,iOS
1546005493837,5,8,21,4,28,pc
1546005493837,5,9,21,4,28,pc
1546005494108,0,0,21,4,28,pc
1546005494108,1,0,21,4,28,Android
1546005494109,2,0,21,4,28,iOS
1546005494110,3,0,21,4,28,iOS
1546005494111,4,0,21,4,28,iOS
1546005494113,6,0,21,4,28,pc
1546005494112,5,0,21,4,28,iOS
1546005494115,7,0,21,4,28,iOS
1546005494115,7,1,21,4,28,iOS
1546005494111,4,1,21,4,28,iOS
1546005494108,0,1,21,4,28,pc
1546005494108,1,1,21,4,28,Android
1546005494112,5,1,21,4,28,iOS
1546005494110,3,2,21,4,28,iOS
1546005494112,5,2,21,4,28,iOS
1546005494108,0,2,21,4,28,pc
1546005494108,1,2,21,4,28,Android
1546005494111,4,3,21,4,28,iOS
1546005494108,1,3,21,4,28,Android
1546005494110,3,3,21,4,28,iOS
1546005494112,5,3,21,4,28,iOS
1546005494108,0,3,21,4,28,pc
1546005494108,0,4,21,4,28,pc
1546005494110,3,4,21,4,28,iOS
1546005494111,4,4,21,4,28,iOS
1546005494111,4,5,21,4,28,iOS
1546005494110,3,5,21,4,28,iOS
1546005494108,0,5,21,4,28,pc
1546005494110,3,6,21,4,28,iOS
1546005494108,0,6,21,4,28,pc
1546005494111,4,6,21,4,28,iOS
1546005494110,3,7,21,4,28,iOS
1546005494111,4,7,21,4,28,iOS
1546005494110,3,8,21,4,28,iOS
1546005494110,3,9,21,4,28,iOS
1546005494441,0,0,21,4,28,pc
1546005494441,1,0,21,4,28,pc
1546005494442,2,0,21,4,28,iOS
1546005494442,3,0,21,4,28,iOS
1546005494443,4,0,21,4,28,Android
1546005494444,5,0,21,4,28,iOS
1546005494444,6,0,21,4,28,iOS
1546005494444,7,0,21,4,28,iOS
1546005494444,7,1,21,4,28,iOS
1546005494441,1,1,21,4,28,pc
1546005494443,4,1,21,4,28,Android
1546005494444,5,1,21,4,28,iOS
1546005494442,3,1,21,4,28,iOS
1546005494444,6,1,21,4,28,iOS
1546005494442,2,1,21,4,28,iOS
1546005494441,0,1,21,4,28,pc
1546005494442,3,2,21,4,28,iOS
1546005494441,1,2,21,4,28,pc
1546005494444,5,2,21,4,28,iOS
1546005494444,7,2,21,4,28,iOS
1546005494443,4,2,21,4,28,Android
1546005494441,0,2,21,4,28,pc
1546005494442,2,2,21,4,28,iOS
1546005494444,6,2,21,4,28,iOS
1546005494444,5,3,21,4,28,iOS
1546005494441,0,3,21,4,28,pc
1546005494444,6,3,21,4,28,iOS
1546005494443,4,3,21,4,28,Android
1546005494442,2,3,21,4,28,iOS
1546005494444,7,3,21,4,28,iOS
1546005494442,3,3,21,4,28,iOS
1546005494444,7,4,21,4,28,iOS
id
1546005494444,5,4,21,4,28,iOS
1546005494444,6,4,21,4,28,iOS
1546005494442,3,4,21,4,28,iOS
1546005494442,2,4,21,4,28,iOS
1546005494444,6,5,21,4,28,iOS
1546005494443,4,5,21,4,28,Android
005494444,7,5,21,4,28,iOS
1546005494442,3,5,21,4,28,iOS
1546005494444,5,6,21,4,28,iOS
1546005494443,4,6,21,4,28,Android
1546005494444,6,6,21,4,28,iOS
1546005494442,3,6,21,4,28,iOS
1546005494444,5,7,21,4,28,iOS
1546005494443,4,7,21,4,28,Android
1546005494444,6,7,21,4,28,iOS
1546005494444,5,8,21,4,28,iOS
1546005494444,6,8,21,4,28,iOS
1546005494443,4,8,21,4,28,Android
1546005494444,5,9,21,4,28,iOS
1546005494748,0,0,21,4,28,Android
1546005494749,1,0,21,4,28,iOS
1546005494749,2,0,21,4,28,pc
1546005494750,3,0,21,4,28,iOS
1546005494751,4,0,21,4,28,iOS
1546005494752,5,0,21,4,28,iOS
1546005494752,6,0,21,4,28,iOS
1546005494753,7,0,21,4,28,iOS
1546005494749,1,1,21,4,28,iOS
1546005494749,2,1,21,4,28,pc
1546005494753,7,1,21,4,28,iOS
1546005494748,0,1,21,4,28,Android
1546005494750,3,1,21,4,28,iOS
1546005494752,5,1,21,4,28,iOS
1546005494751,4,1,21,4,28,iOS
1546005494752,6,1,21,4,28,iOS
1546005494753,7,2,21,4,28,iOS
1546005494750,3,2,21,4,28,iOS
1546005494748,0,2,21,4,28,Android
1546005494752,5,2,21,4,28,iOS
1546005494749,1,2,21,4,28,iOS
1546005494749,2,2,21,4,28,pc
1546005494751,4,2,21,4,28,iOS
1546005494749,2,3,21,4,28,pc
1546005494749,1,3,21,4,28,iOS
1546005494748,0,3,21,4,28,Android
1546005494753,7,3,21,4,28,iOS
1546005494751,4,3,21,4,28,iOS
1546005494752,5,3,21,4,28,iOS
1546005494750,3,3,21,4,28,iOS
1546005494748,0,4,21,4,28,Android
1546005494751,4,4,21,4,28,iOS
1546005494749,1,4,21,4,28,iOS
1546005494753,7,4,21,4,28,iOS
1546005494750,3,4,21,4,28,iOS
1546005494749,2,4,21,4,28,pc
1546005494750,3,5,21,4,28,iOS
1546005494753,7,5,21,4,28,iOS
1546005494748,0,5,21,4,28,Android
1546005494749,2,5,21,4,28,pc
1546005494749,1,5,21,4,28,iOS
1546005494753,7,6,21,4,28,iOS
1546005494749,2,6,21,4,28,pc
1546005494748,0,6,21,4,28,Android
1546005494750,3,6,21,4,28,iOS
1546005494753,7,7,21,4,28,iOS
1546005494748,0,7,21,4,28,Android
1546005494750,3,7,21,4,28,iOS
1546005494750,3,8,21,4,28,iOS
1546005494753,7,8,21,4,28,iOS
1546005495039,0,0,21,4,28,iOS
1546005495039,1,0,21,4,28,pc
1546005495040,2,0,21,4,28,pc
1546005495040,3,0,21,4,28,Android
1546005495040,4,0,21,4,28,Android
1546005495041,5,0,21,4,28,pc
1546005495041,6,0,21,4,28,pc
1546005495041,7,0,21,4,28,iOS
1546005495041,7,1,21,4,28,iOS
1546005495040,4,1,21,4,28,Android
1546005495040,2,1,21,4,28,pc
1546005495039,1,1,21,4,28,pc
1546005495041,5,1,21,4,28,pc
1546005495040,3,1,21,4,28,Android
1546005495041,6,1,21,4,28,pc
1546005495039,1,2,21,4,28,pc
1546005495041,7,2,21,4,28,iOS
1546005495040,4,2,21,4,28,Android
1546005495040,3,2,21,4,28,Android
1546005495040,2,2,21,4,28,pc
1546005495041,5,2,21,4,28,pc
1546005495041,6,2,21,4,28,pc
1546005495041,6,3,21,4,28,pc
1546005495041,7,3,21,4,28,iOS
1546005495040,2,3,21,4,28,pc
1546005495040,3,3,21,4,28,Android
1546005495040,4,3,21,4,28,Android
1546005495039,1,3,21,4,28,pc
1546005495041,5,3,21,4,28,pc
1546005495041,5,4,21,4,28,pc
1546005495040,4,4,21,4,28,Android
1546005495040,3,4,21,4,28,Android
1546005495040,2,4,21,4,28,pc
1546005495039,1,4,21,4,28,pc
1546005495040,2,5,21,4,28,pc
1546005495041,5,5,21,4,28,pc
1546005495040,3,5,21,4,28,Android
1546005495040,4,5,21,4,28,Android
1546005495039,1,5,21,4,28,pc
1546005495040,4,6,21,4,28,Android
1546005495041,5,6,21,4,28,pc
1546005495040,2,6,21,4,28,pc
1546005495039,1,6,21,4,28,pc
1546005495040,3,6,21,4,28,Android
1546005495040,2,7,21,4,28,pc
1546005495040,2,8,21,4,28,pc
1546005495040,2,9,21,4,28,pc
1546005495321,0,0,21,4,28,iOS
1546005495322,1,0,21,4,28,pc
1546005495323,2,0,21,4,28,pc
1546005495323,3,0,21,4,28,iOS
1546005495324,4,0,21,4,28,Android
1546005495325,5,0,21,4,28,iOS
1546005495326,6,0,21,4,28,iOS
1546005495327,7,0,21,4,28,pc
1546005495323,2,1,21,4,28,pc
1546005495321,0,1,21,4,28,iOS
1546005495325,5,1,21,4,28,iOS
1546005495323,3,1,21,4,28,iOS
1546005495326,6,1,21,4,28,iOS
1546005495324,4,1,21,4,28,Android
1546005495326,6,2,21,4,28,iOS
1546005495323,3,2,21,4,28,iOS
1546005495323,2,2,21,4,28,pc
1546005495321,0,2,21,4,28,iOS
1546005495325,5,2,21,4,28,iOS
1546005495324,4,2,21,4,28,Android
1546005495324,4,3,21,4,28,Android
1546005495321,0,3,21,4,28,iOS
1546005495323,2,3,21,4,28,pc
1546005495326,6,3,21,4,28,iOS
1546005495325,5,3,21,4,28,iOS
1546005495323,3,3,21,4,28,iOS
1546005495323,2,4,21,4,28,pc
1546005495326,6,4,21,4,28,iOS
1546005495324,4,4,21,4,28,Android
1546005495325,5,4,21,4,28,iOS
1546005495323,2,5,21,4,28,pc
1546005495326,6,5,21,4,28,iOS
1546005495325,5,5,21,4,28,iOS
1546005495324,4,5,21,4,28,Android
1546005495323,2,6,21,4,28,pc
1546005495326,6,6,21,4,28,iOS
1546005495324,4,6,21,4,28,Android
1546005495325,5,6,21,4,28,iOS
1546005495326,6,7,21,4,28,iOS
1546005495323,2,7,21,4,28,pc
1546005495324,4,7,21,4,28,Android
1546005495323,2,8,21,4,28,pc
1546005495324,4,8,21,4,28,Android
1546005495595,0,0,21,4,28,Android
1546005495596,1,0,21,4,28,iOS
1546005495596,2,0,21,4,28,Android
1546005495597,3,0,21,4,28,Android
1546005495597,4,0,21,4,28,Android
1546005495598,5,0,21,4,28,iOS
1546005495598,6,0,21,4,28,Android
1546005495598,7,0,21,4,28,pc
1546005495598,6,1,21,4,28,Android
1546005495598,5,1,21,4,28,iOS
1546005495597,4,1,21,4,28,Android
1546005495596,1,1,21,4,28,iOS
1546005495595,0,1,21,4,28,Android
1546005495597,3,1,21,4,28,Android
1546005495596,2,1,21,4,28,Android
1546005495597,4,2,21,4,28,Android
1546005495597,3,2,21,4,28,Android
1546005495598,6,2,21,4,28,Android
1546005495598,5,2,21,4,28,iOS
1546005495596,1,2,21,4,28,iOS
1546005495595,0,2,21,4,28,Android
1546005495598,6,3,21,4,28,Android
1546005495597,3,3,21,4,28,Android
1546005495597,4,3,21,4,28,Android
1546005495595,0,3,21,4,28,Android
1546005495596,1,3,21,4,28,iOS
1546005495597,4,4,21,4,28,Android
1546005495595,0,4,21,4,28,Android
1546005495596,1,4,21,4,28,iOS
1546005495598,6,4,21,4,28,Android
1546005495598,6,5,21,4,28,Android
1546005495596,1,5,21,4,28,iOS
1546005495597,4,5,21,4,28,Android
1546005495595,0,6,21,4,28,Android
1546005495597,4,6,21,4,28,Android
1546005495598,6,6,21,4,28,Android
1546005495596,1,6,21,4,28,iOS
1546005495595,0,7,21,4,28,Android
1546005495598,6,7,21,4,28,Android
1546005495596,1,7,21,4,28,iOS
1546005495597,4,7,21,4,28,Android
1546005495595,0,8,21,4,28,Android
1546005495596,1,8,21,4,28,iOS
1546005495598,6,8,21,4,28,Android
1546005495595,0,9,21,4,28,Android
1546005495598,6,9,21,4,28,Android
1546005495866,0,0,21,4,28,pc
1546005495866,1,0,21,4,28,Android
1546005495867,2,0,21,4,28,pc
1546005495867,3,0,21,4,28,pc
1546005495867,4,0,21,4,28,iOS
1546005495868,5,0,21,4,28,Android
1546005495868,6,0,21,4,28,iOS
1546005495868,7,0,21,4,28,Android
1546005495866,1,1,21,4,28,Android
1546005495867,2,1,21,4,28,pc
1546005495868,7,1,21,4,28,Android
1546005495868,5,1,21,4,28,Android
1546005495867,4,1,21,4,28,iOS
1546005495866,0,1,21,4,28,pc
1546005495868,6,1,21,4,28,iOS
1546005495866,0,2,21,4,28,pc
1546005495867,4,2,21,4,28,iOS
1546005495868,7,2,21,4,28,Android
1546005495868,6,2,21,4,28,iOS
1546005495866,1,2,21,4,28,Android
1546005495868,7,3,21,4,28,Android
1546005495867,4,3,21,4,28,iOS
1546005495868,6,3,21,4,28,iOS
1546005495866,0,3,21,4,28,pc
1546005495866,1,3,21,4,28,Android
1546005495866,1,4,21,4,28,Android
1546005495866,0,4,21,4,28,pc
1546005495867,4,4,21,4,28,iOS
1546005495868,6,4,21,4,28,iOS
1546005495868,7,4,21,4,28,Android
1546005495866,0,5,21,4,28,pc
1546005495868,7,5,21,4,28,Android
1546005495866,1,5,21,4,28,Android
1546005495866,1,6,21,4,28,Android
1546005495866,0,6,21,4,28,pc
1546005495868,7,6,21,4,28,Android
1546005495866,0,7,21,4,28,pc
oid
1546005495866,0,8,21,4,28,pc
1546005495866,0,9,21,4,28,pc
1546005496117,0,0,21,4,28,Android
1546005496117,1,0,21,4,28,Android
1546005496118,2,0,21,4,28,iOS
1546005496119,3,0,21,4,28,pc
1546005496119,4,0,21,4,28,pc
1546005496120,5,0,21,4,28,pc
1546005496121,6,0,21,4,28,Android
1546005496121,7,0,21,4,28,iOS
1546005496119,4,1,21,4,28,pc
1546005496117,1,1,21,4,28,Android
1546005496120,5,1,21,4,28,pc
1546005496121,6,1,21,4,28,Android
1546005496118,2,1,21,4,28,iOS
1546005496119,3,1,21,4,28,pc
1546005496121,7,1,21,4,28,iOS
1546005496121,7,2,21,4,28,iOS
1546005496119,4,2,21,4,28,pc
1546005496120,5,2,21,4,28,pc

1546005496119,3,2,21,4,28,pc
1546005496121,6,2,21,4,28,Android
1546005496117,1,2,21,4,28,Android
1546005496119,3,3,21,4,28,pc
1546005496117,1,3,21,4,28,Android
1546005496120,5,3,21,4,28,pc
1546005496121,6,3,21,4,28,Android
1546005496119,4,3,21,4,28,pc
1546005496118,2,3,21,4,28,iOS
1546005496119,4,4,21,4,28,pc
1546005496117,1,4,21,4,28,Android
1546005496118,2,4,21,4,28,iOS
1546005496120,5,4,21,4,28,pc
1546005496119,3,4,21,4,28,pc
1546005496119,4,5,21,4,28,pc
1546005496119,3,5,21,4,28,pc
1546005496120,5,5,21,4,28,pc
1546005496119,3,6,21,4,28,pc
1546005496119,4,6,21,4,28,pc
1546005496119,3,7,21,4,28,pc
1546005496119,3,8,21,4,28,pc
1546005496119,3,9,21,4,28,pc
1546005496443,0,0,21,4,28,pc
1546005496444,1,0,21,4,28,Android
1546005496445,2,0,21,4,28,iOS
1546005496445,3,0,21,4,28,pc
1546005496446,4,0,21,4,28,Android
1546005496446,5,0,21,4,28,iOS
1546005496446,6,0,21,4,28,Android
1546005496447,7,0,21,4,28,Android
1546005496446,5,1,21,4,28,iOS
1546005496445,3,1,21,4,28,pc
1546005496445,2,1,21,4,28,iOS
1546005496443,0,1,21,4,28,pc
1546005496446,4,1,21,4,28,Android
1546005496444,1,1,21,4,28,Android
1546005496446,6,1,21,4,28,Android
1546005496445,3,2,21,4,28,pc
1546005496446,6,2,21,4,28,Android
1546005496445,2,2,21,4,28,iOS
1546005496443,0,2,21,4,28,pc
1546005496446,4,2,21,4,28,Android
1546005496444,1,2,21,4,28,Android
1546005496446,6,3,21,4,28,Android
1546005496446,4,3,21,4,28,Android
1546005496444,1,3,21,4,28,Android
1546005496443,0,3,21,4,28,pc
1546005496445,3,3,21,4,28,pc
1546005496446,4,4,21,4,28,Android
1546005496444,1,4,21,4,28,Android
1546005496445,3,4,21,4,28,pc
1546005496446,6,4,21,4,28,Android
1546005496443,0,4,21,4,28,pc
1546005496446,6,5,21,4,28,Android
1546005496445,3,5,21,4,28,pc
1546005496446,4,5,21,4,28,Android
1546005496444,1,5,21,4,28,Android
1546005496443,0,5,21,4,28,pc
1546005496443,0,6,21,4,28,pc
1546005496445,3,6,21,4,28,pc
1546005496446,6,6,21,4,28,Android
1546005496446,4,6,21,4,28,Android
1546005496443,0,7,21,4,28,pc
1546005496446,4,7,21,4,28,Android
1546005496446,6,7,21,4,28,Android
1546005496446,6,8,21,4,28,Android
1546005496446,4,8,21,4,28,Android
1546005496446,4,9,21,4,28,Android
1546005496770,0,0,21,4,28,iOS
1546005496770,1,0,21,4,28,Android
1546005496771,2,0,21,4,28,Android
1546005496772,3,0,21,4,28,Android
1546005496772,4,0,21,4,28,Android
1546005496773,5,0,21,4,28,Android
1546005496774,6,0,21,4,28,pc
1546005496774,7,0,21,4,28,Android
1546005496771,2,1,21,4,28,Android
1546005496770,0,1,21,4,28,iOS
1546005496772,4,1,21,4,28,Android
1546005496773,5,1,21,4,28,Android
1546005496770,1,1,21,4,28,Android
1546005496770,0,2,21,4,28,iOS
1546005496772,4,2,21,4,28,Android
1546005496770,1,2,21,4,28,Android
1546005496773,5,2,21,4,28,Android
1546005496773,5,3,21,4,28,Android
1546005496770,0,3,21,4,28,iOS
1546005496773,5,4,21,4,28,Android
1546005496770,0,4,21,4,28,iOS
1546005496770,1,4,21,4,28,Android
1546005496773,5,5,21,4,28,Android
1546005496770,1,5,21,4,28,Android
1546005496988,0,0,21,4,28,pc
1546005496988,1,0,21,4,28,pc
1546005496988,2,0,21,4,28,Android
1546005496989,3,0,21,4,28,pc
1546005496989,4,0,21,4,28,pc
1546005496989,5,0,21,4,28,pc
1546005496989,6,0,21,4,28,iOS
1546005496989,7,0,21,4,28,pc
1546005496988,1,1,21,4,28,pc
1546005496989,4,1,21,4,28,pc
1546005496988,0,1,21,4,28,pc
1546005496989,6,1,21,4,28,iOS
1546005496989,5,1,21,4,28,pc
1546005496988,1,2,21,4,28,pc
1546005496988,0,2,21,4,28,pc
1546005496989,6,2,21,4,28,iOS
1546005496989,4,2,21,4,28,pc
1546005496989,5,2,21,4,28,pc
1546005496988,1,3,21,4,28,pc
1546005496989,6,3,21,4,28,iOS
1546005496989,5,3,21,4,28,pc
1546005496988,0,3,21,4,28,pc
1546005496988,1,4,21,4,28,pc
1546005496988,0,4,21,4,28,pc
1546005496988,1,5,21,4,28,pc
1546005496988,0,5,21,4,28,pc
1546005496988,0,6,21,4,28,pc
1546005496988,0,7,21,4,28,pc
1546005496988,0,8,21,4,28,pc
1546005496988,0,9,21,4,28,pc
1546005497234,0,0,21,4,28,Android
1546005497235,1,0,21,4,28,Android
1546005497235,2,0,21,4,28,pc
1546005497235,3,0,21,4,28,Android
1546005497235,4,0,21,4,28,iOS
1546005497236,5,0,21,4,28,iOS
1546005497236,6,0,21,4,28,pc
1546005497237,7,0,21,4,28,Android
1546005497236,5,1,21,4,28,iOS
1546005497235,1,1,21,4,28,Android
1546005497237,7,1,21,4,28,Android
1546005497235,2,1,21,4,28,pc
1546005497235,4,1,21,4,28,iOS
1546005497234,0,1,21,4,28,Android
1546005497236,6,1,21,4,28,pc
1546005497235,3,1,21,4,28,Android
1546005497236,6,2,21,4,28,pc
1546005497235,1,2,21,4,28,Android
1546005497237,7,2,21,4,28,Android
1546005497235,4,2,21,4,28,iOS
1546005497234,0,2,21,4,28,Android
1546005497235,2,2,21,4,28,pc
1546005497235,3,2,21,4,28,Android
1546005497235,1,3,21,4,28,Android
1546005497237,7,3,21,4,28,Android
1546005497235,4,3,21,4,28,iOS
1546005497235,2,3,21,4,28,pc
1546005497236,6,3,21,4,28,pc
1546005497236,6,4,21,4,28,pc
1546005497235,1,4,21,4,28,Android
1546005497235,4,4,21,4,28,iOS
1546005497237,7,4,21,4,28,Android
1546005497236,6,5,21,4,28,pc
1546005497235,4,5,21,4,28,iOS
1546005497235,1,5,21,4,28,Android
1546005497236,6,6,21,4,28,pc
1546005497235,1,6,21,4,28,Android
1546005497235,4,6,21,4,28,iOS
1546005497236,6,7,21,4,28,pc
1546005497235,1,7,21,4,28,Android
1546005497475,0,0,21,4,28,Android
1546005497475,1,0,21,4,28,Android
1546005497476,2,0,21,4,28,pc
1546005497476,3,0,21,4,28,iOS
1546005497476,4,0,21,4,28,pc
1546005497477,5,0,21,4,28,Android
1546005497477,6,0,21,4,28,Android
1546005497477,7,0,21,4,28,pc
1546005497475,0,1,21,4,28,Android
1546005497476,2,1,21,4,28,pc
1546005497477,5,1,21,4,28,Android
1546005497477,7,1,21,4,28,pc
1546005497476,4,1,21,4,28,pc
1546005497477,6,1,21,4,28,Android
1546005497475,1,1,21,4,28,Android
1546005497476,3,1,21,4,28,iOS
1546005497475,0,2,21,4,28,Android
1546005497476,2,2,21,4,28,pc
1546005497477,5,2,21,4,28,Android
1546005497476,3,2,21,4,28,iOS
1546005497477,7,2,21,4,28,pc
1546005497477,6,2,21,4,28,Android
1546005497475,1,2,21,4,28,Android
1546005497476,4,2,21,4,28,pc
1546005497477,6,3,21,4,28,Android
1546005497476,2,3,21,4,28,pc
1546005497477,5,3,21,4,28,Android
1546005497475,0,3,21,4,28,Android
1546005497476,4,3,21,4,28,pc
1546005497477,7,3,21,4,28,pc
1546005497476,3,3,21,4,28,iOS
1546005497475,1,3,21,4,28,Android
1546005497477,5,4,21,4,28,Android
1546005497475,0,4,21,4,28,Android
1546005497476,2,4,21,4,28,pc
1546005497477,7,4,21,4,28,pc
1546005497476,2,5,21,4,28,pc
1546005497477,5,5,21,4,28,Android
1546005497477,7,5,21,4,28,pc
1546005497475,0,5,21,4,28,Android
1546005497477,5,6,21,4,28,Android
1546005497477,7,6,21,4,28,pc
1546005497475,0,6,21,4,28,Android
1546005497477,5,7,21,4,28,Android
1546005497476,2,7,21,4,28,pc
1546005497477,7,7,21,4,28,pc
1546005497475,0,7,21,4,28,Android
1546005497475,0,8,21,4,28,Android
1546005497477,7,8,21,4,28,pc
1546005497476,2,8,21,4,28,pc
1546005497477,7,9,21,4,28,pc
1546005497475,0,9,21,4,28,Android
1546005497744,0,0,21,4,28,Android
1546005497745,1,0,21,4,28,iOS
1546005497745,2,0,21,4,28,Android
1546005497746,3,0,21,4,28,iOS
1546005497746,4,0,21,4,28,Android
1546005497747,5,0,21,4,28,pc
1546005497747,6,0,21,4,28,Android
1546005497747,7,0,21,4,28,pc
1546005497745,1,1,21,4,28,iOS
1546005497745,2,1,21,4,28,Android
1546005497747,5,1,21,4,28,pc
1546005497746,3,1,21,4,28,iOS
1546005497744,0,1,21,4,28,Android
1546005497747,7,1,21,4,28,pc
1546005497747,6,1,21,4,28,Android
1546005497745,2,2,21,4,28,Android
1546005497747,6,2,21,4,28,Android
1546005497746,3,2,21,4,28,iOS
1546005497747,5,2,21,4,28,pc
1546005497745,1,2,21,4,28,iOS
1546005497747,7,2,21,4,28,pc
1546005497745,1,3,21,4,28,iOS
1546005497747,5,3,21,4,28,pc
1546005497745,2,3,21,4,28,Android
1546005497747,7,3,21,4,28,pc
1546005497747,6,3,21,4,28,Android
1546005497746,3,3,21,4,28,iOS
1546005497747,5,4,21,4,28,pc
1546005497745,1,4,21,4,28,iOS
1546005497746,3,4,21,4,28,iOS
1546005497745,2,4,21,4,28,Android
1546005497747,7,4,21,4,28,pc
1546005497747,6,4,21,4,28,Android
1546005497747,5,5,21,4,28,pc
1546005497745,1,5,21,4,28,iOS
1546005497747,6,5,21,4,28,Android
1546005497746,3,5,21,4,28,iOS
1546005497747,7,5,21,4,28,pc
1546005497745,1,6,21,4,28,iOS
1546005497747,6,6,21,4,28,Android
1546005497747,7,6,21,4,28,pc
1546005497747,5,6,21,4,28,pc
1546005497746,3,6,21,4,28,iOS
1546005497747,6,7,21,4,28,Android
1546005497746,3,7,21,4,28,iOS
1546005497747,5,7,21,4,28,pc
1546005497747,6,8,21,4,28,Android
1546005497746,3,8,21,4,28,iOS
1546005497747,5,8,21,4,28,pc
1546005497747,6,9,21,4,28,Android
1546005497746,3,9,21,4,28,iOS
1546005498024,0,0,21,4,28,Android
1546005498025,1,0,21,4,28,pc
1546005498025,2,0,21,4,28,iOS
1546005498025,3,0,21,4,28,pc
1546005498026,4,0,21,4,28,iOS
1546005498026,5,0,21,4,28,pc
1546005498027,6,0,21,4,28,pc
1546005498027,7,0,21,4,28,Android
1546005498024,0,1,21,4,28,Android
1546005498025,1,1,21,4,28,pc
1546005498025,3,1,21,4,28,pc
1546005498026,4,1,21,4,28,iOS
1546005498026,5,1,21,4,28,pc
1546005498024,0,2,21,4,28,Android
1546005498026,4,2,21,4,28,iOS
1546005498025,1,2,21,4,28,pc
1546005498026,5,2,21,4,28,pc
1546005498025,3,2,21,4,28,pc
1546005498025,1,3,21,4,28,pc
1546005498026,5,3,21,4,28,pc
1546005498025,3,3,21,4,28,pc
1546005498026,4,3,21,4,28,iOS
1546005498024,0,3,21,4,28,Android
1546005498026,4,4,21,4,28,iOS
1546005498026,5,4,21,4,28,pc
1546005498025,1,4,21,4,28,pc
1546005498024,0,4,21,4,28,Android
1546005498024,0,5,21,4,28,Android
1546005498026,4,5,21,4,28,iOS
1546005498025,1,5,21,4,28,pc
1546005498025,1,6,21,4,28,pc
oid
1546005498026,4,6,21,4,28,iOS
1546005498024,0,7,21,4,28,Android
1546005498026,4,7,21,4,28,iOS
1546005498025,1,7,21,4,28,pc
1546005498024,0,8,21,4,28,Android
1546005498026,4,8,21,4,28,iOS
1546005498026,4,9,21,4,28,iOS
1546005498313,0,0,21,4,28,Android
1546005498313,1,0,21,4,28,pc
1546005498314,2,0,21,4,28,iOS
1546005498314,3,0,21,4,28,Android
1546005498314,4,0,21,4,28,pc
1546005498315,6,0,21,4,28,pc
1546005498315,5,0,21,4,28,iOS
1546005498318,7,0,21,4,28,iOS
1546005498315,6,1,21,4,28,pc
1546005498314,2,1,21,4,28,iOS
1546005498313,1,1,21,4,28,pc
1546005498314,3,1,21,4,28,Android
1546005498318,7,1,21,4,28,iOS
1546005498313,1,2,21,4,28,pc
1546005498318,7,2,21,4,28,iOS
1546005498315,6,2,21,4,28,pc
1546005498314,2,2,21,4,28,iOS
1546005498318,7,3,21,4,28,iOS
1546005498313,1,3,21,4,28,pc
1546005498314,2,3,21,4,28,iOS
1546005498315,6,3,21,4,28,pc
1546005498318,7,4,21,4,28,iOS
1546005498313,1,4,21,4,28,pc
1546005498315,6,4,21,4,28,pc
1546005498314,2,4,21,4,28,iOS
1546005498314,2,5,21,4,28,iOS
1546005498318,7,5,21,4,28,iOS
1546005498315,6,5,21,4,28,pc
1546005498313,1,5,21,4,28,pc
1546005498318,7,6,21,4,28,iOS
1546005498315,6,6,21,4,28,pc
1546005498314,2,6,21,4,28,iOS
1546005498318,7,7,21,4,28,iOS
1546005498314,2,7,21,4,28,iOS
1546005498315,6,7,21,4,28,pc
1546005498318,7,8,21,4,28,iOS
1546005498314,2,8,21,4,28,iOS
1546005498318,7,9,21,4,28,iOS
1546005498589,0,0,21,4,28,pc
1546005498589,1,0,21,4,28,pc
1546005498590,2,0,21,4,28,pc
1546005498590,3,0,21,4,28,pc
1546005498590,4,0,21,4,28,iOS
1546005498591,5,0,21,4,28,iOS
1546005498591,6,0,21,4,28,pc
1546005498591,7,0,21,4,28,iOS
1546005498591,7,1,21,4,28,iOS
1546005498590,4,1,21,4,28,iOS
1546005498589,0,1,21,4,28,pc
1546005498590,3,1,21,4,28,pc
1546005498590,2,1,21,4,28,pc
1546005498591,5,1,21,4,28,iOS
1546005498591,6,1,21,4,28,pc
1546005498590,2,2,21,4,28,pc
1546005498591,6,2,21,4,28,pc
1546005498590,3,2,21,4,28,pc
1546005498591,7,2,21,4,28,iOS
1546005498591,5,2,21,4,28,iOS
1546005498589,0,2,21,4,28,pc

1546005498591,7,3,21,4,28,iOS
1546005498591,5,3,21,4,28,iOS
1546005498589,0,3,21,4,28,pc
1546005498591,6,3,21,4,28,pc
1546005498590,4,3,21,4,28,iOS
1546005498590,3,3,21,4,28,pc
1546005498591,5,4,21,4,28,iOS
1546005498591,7,4,21,4,28,iOS
1546005498591,6,4,21,4,28,pc
1546005498590,4,4,21,4,28,iOS
1546005498590,3,4,21,4,28,pc
1546005498591,7,5,21,4,28,iOS
1546005498591,6,5,21,4,28,pc
1546005498591,5,5,21,4,28,iOS
1546005498590,3,5,21,4,28,pc
1546005498590,3,6,21,4,28,pc
1546005498591,5,6,21,4,28,iOS
1546005498591,7,6,21,4,28,iOS
1546005498590,3,7,21,4,28,pc
1546005498590,3,8,21,4,28,pc
1546005498830,0,0,21,4,28,pc
1546005498831,1,0,21,4,28,pc
1546005498831,2,0,21,4,28,Android
1546005498831,3,0,21,4,28,iOS
1546005498831,4,0,21,4,28,pc
1546005498832,5,0,21,4,28,iOS
1546005498832,6,0,21,4,28,Android
1546005498832,7,0,21,4,28,Android
1546005498831,4,1,21,4,28,pc
1546005498832,6,1,21,4,28,Android
1546005498830,0,1,21,4,28,pc
1546005498831,1,1,21,4,28,pc
oid
1546005498831,2,1,21,4,28,Android
1546005498831,3,1,21,4,28,iOS
1546005498832,5,1,21,4,28,iOS
1546005498832,5,2,21,4,28,iOS
1546005498831,2,2,21,4,28,Android
1546005498832,6,2,21,4,28,Android
1546005498832,7,2,21,4,28,Android
1546005498830,0,2,21,4,28,pc
1546005498831,1,2,21,4,28,pc
1546005498830,0,3,21,4,28,pc
1546005498831,1,3,21,4,28,pc
1546005498832,5,3,21,4,28,iOS
1546005498832,6,3,21,4,28,Android
1546005498832,7,3,21,4,28,Android
1546005498831,2,3,21,4,28,Android
1546005498831,1,4,21,4,28,pc
1546005498832,6,4,21,4,28,Android
1546005498832,7,4,21,4,28,Android
1546005498830,0,4,21,4,28,pc
1546005498831,2,4,21,4,28,Android
1546005498831,2,5,21,4,28,Android
1546005498830,0,5,21,4,28,pc
1546005498832,7,5,21,4,28,Android
1546005498832,6,5,21,4,28,Android
1546005498831,1,5,21,4,28,pc
1546005498831,2,6,21,4,28,Android
1546005498831,1,6,21,4,28,pc
1546005498832,7,6,21,4,28,Android
1546005498830,0,6,21,4,28,pc
1546005498832,6,6,21,4,28,Android
1546005498832,7,7,21,4,28,Android
1546005498831,2,7,21,4,28,Android
1546005498831,1,7,21,4,28,pc
1546005498830,0,7,21,4,28,pc
1546005498832,6,7,21,4,28,Android
1546005498832,6,8,21,4,28,Android
1546005498832,7,8,21,4,28,Android
1546005498830,0,8,21,4,28,pc
1546005498832,7,9,21,4,28,Android
1546005499169,0,0,21,4,28,Android
1546005499170,1,0,21,4,28,iOS
1546005499170,2,0,21,4,28,iOS
1546005499170,3,0,21,4,28,iOS
1546005499171,4,0,21,4,28,Android
1546005499171,5,0,21,4,28,iOS
1546005499172,6,0,21,4,28,Android
1546005499172,7,0,21,4,28,Android
1546005499172,7,1,21,4,28,Android
1546005499170,1,1,21,4,28,iOS
1546005499171,5,1,21,4,28,iOS
1546005499169,0,1,21,4,28,Android
1546005499170,3,1,21,4,28,iOS
1546005499172,6,1,21,4,28,Android
1546005499170,2,1,21,4,28,iOS
1546005499172,6,2,21,4,28,Android
1546005499170,1,2,21,4,28,iOS
1546005499172,7,2,21,4,28,Android
1546005499169,0,2,21,4,28,Android
1546005499170,3,2,21,4,28,iOS
1546005499170,2,2,21,4,28,iOS
1546005499172,7,3,21,4,28,Android
1546005499172,6,3,21,4,28,Android
1546005499170,2,3,21,4,28,iOS
1546005499170,1,3,21,4,28,iOS
1546005499170,3,3,21,4,28,iOS
1546005499172,7,4,21,4,28,Android
1546005499172,6,4,21,4,28,Android
1546005499170,1,4,21,4,28,iOS
1546005499170,2,4,21,4,28,iOS
1546005499170,3,4,21,4,28,iOS
1546005499170,3,5,21,4,28,iOS
1546005499170,1,5,21,4,28,iOS
1546005499170,2,5,21,4,28,iOS
1546005499172,6,5,21,4,28,Android
1546005499170,3,6,21,4,28,iOS
1546005499172,6,6,21,4,28,Android
1546005499170,2,6,21,4,28,iOS
1546005499170,1,6,21,4,28,iOS
1546005499172,6,7,21,4,28,Android
1546005499170,2,7,21,4,28,iOS
1546005499170,3,7,21,4,28,iOS
1546005499172,6,8,21,4,28,Android
1546005499170,2,8,21,4,28,iOS
1546005499170,3,8,21,4,28,iOS
1546005499170,2,9,21,4,28,iOS
1546005499717,0,0,21,4,28,pc
1546005499717,1,0,21,4,28,pc
1546005499718,2,0,21,4,28,iOS
1546005499718,3,0,21,4,28,Android
1546005499718,4,0,21,4,28,Android
1546005499718,5,0,21,4,28,pc
1546005499719,6,0,21,4,28,pc
1546005499719,7,0,21,4,28,pc
1546005499719,7,1,21,4,28,pc
1546005499717,0,1,21,4,28,pc
1546005499718,4,1,21,4,28,Android
1546005499719,6,1,21,4,28,pc
1546005499718,2,1,21,4,28,iOS
1546005499718,5,1,21,4,28,pc
1546005499718,3,1,21,4,28,Android
1546005499717,1,1,21,4,28,pc
1546005499719,6,2,21,4,28,pc
1546005499719,7,2,21,4,28,pc
1546005499718,2,2,21,4,28,iOS
1546005499718,5,2,21,4,28,pc
1546005499717,0,2,21,4,28,pc
1546005499718,3,2,21,4,28,Android
1546005499718,4,2,21,4,28,Android
1546005499717,1,2,21,4,28,pc
1546005499717,0,3,21,4,28,pc
1546005499719,7,3,21,4,28,pc
1546005499718,3,3,21,4,28,Android
1546005499718,5,3,21,4,28,pc
1546005499717,1,3,21,4,28,pc
1546005499717,0,4,21,4,28,pc
1546005499717,1,4,21,4,28,pc
1546005499718,3,4,21,4,28,Android
1546005499719,7,4,21,4,28,pc
1546005499718,5,4,21,4,28,pc
1546005499717,0,5,21,4,28,pc
1546005499717,1,5,21,4,28,pc
1546005499717,1,6,21,4,28,pc
1546005499719,7,6,21,4,28,pc
1546005499719,7,7,21,4,28,pc
1546005499719,7,8,21,4,28,pc
1546005499957,0,0,21,4,28,pc
1546005499957,1,0,21,4,28,iOS
1546005499958,2,0,21,4,28,iOS
1546005499958,3,0,21,4,28,Android
1546005499958,4,0,21,4,28,pc
1546005499959,5,0,21,4,28,Android
1546005499959,6,0,21,4,28,pc
1546005499959,7,0,21,4,28,pc
1546005499958,4,1,21,4,28,pc
1546005499957,0,1,21,4,28,pc
1546005499959,7,1,21,4,28,pc
1546005499957,1,1,21,4,28,iOS
1546005499959,6,1,21,4,28,pc
1546005499959,5,1,21,4,28,Android
1546005499958,2,1,21,4,28,iOS
1546005499959,7,2,21,4,28,pc
1546005499957,1,2,21,4,28,iOS
1546005499958,2,2,21,4,28,iOS
1546005499959,6,2,21,4,28,pc
1546005499957,0,2,21,4,28,pc
1546005499958,4,2,21,4,28,pc
1546005499959,5,2,21,4,28,Android
1546005499959,6,3,21,4,28,pc
1546005499959,7,3,21,4,28,pc
1546005499959,5,3,21,4,28,Android
1546005499957,0,3,21,4,28,pc
1546005499958,4,3,21,4,28,pc
1546005499957,1,3,21,4,28,iOS
1546005499958,2,3,21,4,28,iOS
1546005499959,7,4,21,4,28,pc
1546005499957,0,4,21,4,28,pc
1546005499959,6,4,21,4,28,pc
1546005499959,5,4,21,4,28,Android
1546005499957,1,4,21,4,28,iOS
1546005499958,4,4,21,4,28,pc
1546005499958,2,4,21,4,28,iOS
1546005499959,6,5,21,4,28,pc
1546005499958,4,5,21,4,28,pc
1546005499957,1,5,21,4,28,iOS
1546005499958,2,5,21,4,28,iOS
1546005499959,7,5,21,4,28,pc
1546005499957,0,5,21,4,28,pc
1546005499958,4,6,21,4,28,pc
1546005499957,1,6,21,4,28,iOS
1546005499957,0,6,21,4,28,pc
1546005499959,6,6,21,4,28,pc
1546005499957,0,7,21,4,28,pc
1546005499958,4,7,21,4,28,pc
1546005499957,1,7,21,4,28,iOS
1546005499959,6,7,21,4,28,pc
1546005499958,4,8,21,4,28,pc
1546005499957,1,8,21,4,28,iOS
1546005499959,6,8,21,4,28,pc
1546005499957,0,8,21,4,28,pc
1546005499959,6,9,21,4,28,pc
1546005500230,0,0,21,4,28,iOS
1546005500230,1,0,21,4,28,Android
1546005500231,2,0,21,4,28,pc
1546005500231,3,0,21,4,28,pc
1546005500232,4,0,21,4,28,Android
1546005500232,5,0,21,4,28,pc
1546005500233,6,0,21,4,28,iOS
1546005500233,7,0,21,4,28,pc
1546005500231,3,1,21,4,28,pc
1546005500231,2,1,21,4,28,pc
1546005500232,4,1,21,4,28,Android
1546005500230,0,1,21,4,28,iOS
1546005500232,5,1,21,4,28,pc
1546005500230,1,1,21,4,28,Android
1546005500230,1,2,21,4,28,Android
1546005500231,3,2,21,4,28,pc
1546005500232,4,2,21,4,28,Android
1546005500231,2,2,21,4,28,pc
1546005500230,0,2,21,4,28,iOS
1546005500230,0,3,21,4,28,iOS
1546005500230,1,3,21,4,28,Android
1546005500231,2,3,21,4,28,pc
1546005500232,4,3,21,4,28,Android
1546005500231,3,3,21,4,28,pc
1546005500231,3,4,21,4,28,pc
1546005500232,4,4,21,4,28,Android
1546005500230,1,4,21,4,28,Android
1546005500231,2,4,21,4,28,pc
1546005500231,3,5,21,4,28,pc
1546005500231,2,5,21,4,28,pc
1546005500232,4,5,21,4,28,Android
1546005500230,1,5,21,4,28,Android
1546005500230,1,6,21,4,28,Android
1546005500231,2,6,21,4,28,pc
1546005500231,3,6,21,4,28,pc
1546005500232,4,6,21,4,28,Android
1546005500231,2,7,21,4,28,pc
1546005500231,3,7,21,4,28,pc
1546005500230,1,7,21,4,28,Android
1546005500232,4,7,21,4,28,Android
1546005500231,2,8,21,4,28,pc
1546005500230,1,8,21,4,28,Android
1546005500232,4,8,21,4,28,Android
1546005500231,3,8,21,4,28,pc
1546005500230,1,9,21,4,28,Android
1546005500497,0,0,21,4,28,Android
1546005500497,1,0,21,4,28,Android
1546005500497,2,0,21,4,28,Android
1546005500497,3,0,21,4,28,pc
1546005500497,4,0,21,4,28,iOS
1546005500498,5,0,21,4,28,iOS
1546005500498,6,0,21,4,28,iOS
1546005500499,7,0,21,4,28,Android
1546005500497,1,1,21,4,28,Android
1546005500498,5,1,21,4,28,iOS
1546005500497,3,1,21,4,28,pc
1546005500497,0,1,21,4,28,Android
1546005500498,6,1,21,4,28,iOS
1546005500497,4,1,21,4,28,iOS
1546005500497,2,1,21,4,28,Android
1546005500499,7,1,21,4,28,Android
1546005500499,7,2,21,4,28,Android
1546005500497,4,2,21,4,28,iOS
1546005500497,3,2,21,4,28,pc
1546005500498,5,2,21,4,28,iOS
1546005500497,2,2,21,4,28,Android
1546005500497,0,2,21,4,28,Android
1546005500498,6,2,21,4,28,iOS
1546005500497,4,3,21,4,28,iOS
1546005500498,5,3,21,4,28,iOS
1546005500498,6,3,21,4,28,iOS
1546005500499,7,3,21,4,28,Android
1546005500497,2,3,21,4,28,Android
1546005500498,6,4,21,4,28,iOS
1546005500498,5,4,21,4,28,iOS
1546005500499,7,4,21,4,28,Android
1546005500497,2,4,21,4,28,Android
1546005500498,6,5,21,4,28,iOS
1546005500498,5,5,21,4,28,iOS
1546005500499,7,5,21,4,28,Android
1546005500497,2,5,21,4,28,Android
1546005500499,7,6,21,4,28,Android
1546005500498,5,6,21,4,28,iOS
1546005500498,6,6,21,4,28,iOS
1546005500498,5,7,21,4,28,iOS
1546005500498,6,7,21,4,28,iOS
1546005500498,5,8,21,4,28,iOS
1546005500792,0,0,21,4,28,iOS
1546005500792,1,0,21,4,28,Android
1546005500793,2,0,21,4,28,pc
1546005500793,4,0,21,4,28,Android
1546005500793,3,0,21,4,28,pc
1546005500794,5,0,21,4,28,Android
1546005500794,6,0,21,4,28,iOS
1546005500795,7,0,21,4,28,pc
1546005500794,5,1,21,4,28,Android
1546005500794,6,1,21,4,28,iOS
1546005500793,2,1,21,4,28,pc
1546005500793,3,1,21,4,28,pc
1546005500792,1,1,21,4,28,Android
1546005500793,4,1,21,4,28,Android
1546005500792,1,2,21,4,28,Android
1546005500794,6,2,21,4,28,iOS
1546005500793,2,2,21,4,28,pc
1546005500793,4,2,21,4,28,Android
1546005500794,5,2,21,4,28,Android
1546005500793,3,2,21,4,28,pc
1546005500795,7,2,21,4,28,pc
1546005500792,1,3,21,4,28,Android
1546005500794,6,3,21,4,28,iOS
1546005500793,2,3,21,4,28,pc
1546005500793,4,3,21,4,28,Android
1546005500795,7,3,21,4,28,pc
1546005500794,5,3,21,4,28,Android
1546005500795,7,4,21,4,28,pc
1546005500793,4,4,21,4,28,Android
1546005500794,6,4,21,4,28,iOS
1546005500792,1,4,21,4,28,Android
1546005500794,5,4,21,4,28,Android
1546005500795,7,5,21,4,28,pc
1546005500792,1,5,21,4,28,Android
1546005500793,4,5,21,4,28,Android
1546005500794,5,5,21,4,28,Android
1546005500792,1,6,21,4,28,Android
1546005500795,7,6,21,4,28,pc
1546005500793,4,6,21,4,28,Android
1546005500792,1,7,21,4,28,Android
1546005500793,4,7,21,4,28,Android
1546005500795,7,7,21,4,28,pc
1546005501038,0,0,21,4,28,Android
1546005501039,1,0,21,4,28,iOS
1546005501040,2,0,21,4,28,pc
1546005501040,3,0,21,4,28,pc
1546005501041,4,0,21,4,28,pc
1546005501042,5,0,21,4,28,pc
1546005501042,6,0,21,4,28,pc
1546005501043,7,0,21,4,28,iOS
1546005501039,1,1,21,4,28,iOS
1546005501040,3,1,21,4,28,pc
1546005501038,0,1,21,4,28,Android
1546005501042,5,1,21,4,28,pc
1546005501041,4,1,21,4,28,pc
1546005501039,1,2,21,4,28,iOS
1546005501040,3,2,21,4,28,pc
1546005501038,0,2,21,4,28,Android
1546005501043,7,2,21,4,28,iOS
1546005501041,4,2,21,4,28,pc
1546005501042,5,2,21,4,28,pc
1546005501041,4,3,21,4,28,pc
1546005501040,3,3,21,4,28,pc
1546005501042,5,3,21,4,28,pc
1546005501038,0,3,21,4,28,Android
1546005501039,1,3,21,4,28,iOS
1546005501043,7,3,21,4,28,iOS
1546005501039,1,4,21,4,28,iOS
1546005501041,4,4,21,4,28,pc
1546005501043,7,4,21,4,28,iOS
1546005501039,1,5,21,4,28,iOS
1546005501043,7,5,21,4,28,iOS
1546005501041,4,5,21,4,28,pc
1546005501039,1,6,21,4,28,iOS
1546005501043,7,6,21,4,28,iOS
1546005501041,4,6,21,4,28,pc
1546005501043,7,7,21,4,28,iOS
1546005501043,7,8,21,4,28,iOS
1546005501043,7,9,21,4,28,iOS
1546005501325,0,0,21,4,28,Android
1546005501325,1,0,21,4,28,Android
1546005501326,2,0,21,4,28,pc
1546005501326,3,0,21,4,28,iOS
1546005501326,4,0,21,4,28,Android
1546005501327,5,0,21,4,28,iOS
1546005501327,6,0,21,4,28,pc
1546005501327,7,0,21,4,28,pc
1546005501325,0,1,21,4,28,Android
1546005501326,4,1,21,4,28,Android
1546005501327,6,1,21,4,28,pc
1546005501326,2,1,21,4,28,pc
1546005501325,1,1,21,4,28,Android
1546005501326,3,1,21,4,28,iOS
1546005501327,5,1,21,4,28,iOS
1546005501325,0,2,21,4,28,Android
1546005501327,5,2,21,4,28,iOS
1546005501325,1,2,21,4,28,Android
1546005501326,4,2,21,4,28,Android
1546005501326,3,2,21,4,28,iOS
1546005501326,2,2,21,4,28,pc
1546005501327,6,2,21,4,28,pc
1546005501326,4,3,21,4,28,Android
1546005501327,5,3,21,4,28,iOS
1546005501325,0,3,21,4,28,Android
1546005501326,2,3,21,4,28,pc
1546005501325,1,3,21,4,28,Android
1546005501326,3,3,21,4,28,iOS
1546005501326,4,4,21,4,28,Android
1546005501325,0,4,21,4,28,Android
1546005501326,3,4,21,4,28,iOS
1546005501326,4,5,21,4,28,Android
1546005501326,3,5,21,4,28,iOS
1546005501327,5,5,21,4,28,iOS
1546005501325,0,5,21,4,28,Android
1546005501326,4,6,21,4,28,Android
1546005501326,3,6,21,4,28,iOS
1546005501327,5,6,21,4,28,iOS
1546005501325,0,6,21,4,28,Android
1546005501325,0,7,21,4,28,Android
1546005501327,5,7,21,4,28,iOS
1546005501326,4,7,21,4,28,Android
1546005501325,0,8,21,4,28,Android
1546005501617,0,0,21,4,28,iOS
1546005501618,1,0,21,4,28,Android
1546005501618,2,0,21,4,28,Android
1546005501619,4,0,21,4,28,pc
1546005501619,3,0,21,4,28,iOS
1546005501620,5,0,21,4,28,pc
1546005501620,6,0,21,4,28,iOS
1546005501621,7,0,21,4,28,iOS
1546005501620,6,1,21,4,28,iOS
1546005501619,3,1,21,4,28,iOS
1546005501621,7,1,21,4,28,iOS
1546005501619,4,1,21,4,28,pc
1546005501618,1,1,21,4,28,Android
1546005501620,6,2,21,4,28,iOS
1546005501618,1,2,21,4,28,Android
1546005501619,4,2,21,4,28,pc
1546005501619,3,2,21,4,28,iOS
1546005501619,3,3,21,4,28,iOS
1546005501620,6,3,21,4,28,iOS
1546005501618,1,3,21,4,28,Android
1546005501619,4,3,21,4,28,pc
1546005501619,4,4,21,4,28,pc
1546005501618,1,4,21,4,28,Android
1546005501620,6,4,21,4,28,iOS
1546005501619,3,4,21,4,28,iOS
1546005501618,1,5,21,4,28,Android
1546005501619,3,5,21,4,28,iOS
1546005501619,4,5,21,4,28,pc
1546005501618,1,6,21,4,28,Android
1546005501619,4,6,21,4,28,pc
1546005501618,1,7,21,4,28,Android
1546005501618,1,8,21,4,28,Android
1546005501861,0,0,21,4,28,Android
1546005501862,1,0,21,4,28,pc
1546005501862,2,0,21,4,28,iOS
1546005501862,3,0,21,4,28,Android
1546005501863,4,0,21,4,28,iOS
1546005501863,5,0,21,4,28,iOS
1546005501863,6,0,21,4,28,pc
1546005501864,7,0,21,4,28,pc
1546005501862,1,1,21,4,28,pc
1546005501862,3,1,21,4,28,Android
1546005501863,5,1,21,4,28,iOS
1546005501864,7,1,21,4,28,pc
1546005501863,6,1,21,4,28,pc
1546005501862,3,2,21,4,28,Android
1546005501863,6,2,21,4,28,pc
1546005501862,1,2,21,4,28,pc
1546005501864,7,2,21,4,28,pc
1546005501862,2,2,21,4,28,iOS
1546005501863,6,3,21,4,28,pc
1546005501862,3,3,21,4,28,Android
1546005501862,1,3,21,4,28,pc
1546005501862,1,4,21,4,28,pc
1546005501862,3,4,21,4,28,Android
1546005501863,6,4,21,4,28,pc
1546005501863,6,5,21,4,28,pc
1546005501862,3,5,21,4,28,Android
1546005501862,3,6,21,4,28,Android
1546005501863,6,6,21,4,28,pc
1546005501863,6,7,21,4,28,pc
1546005501863,6,8,21,4,28,pc
1546005502097,0,0,21,4,28,iOS
1546005502098,1,0,21,4,28,iOS
1546005502098,2,0,21,4,28,iOS
1546005502099,3,0,21,4,28,pc
1546005502099,4,0,21,4,28,Android
1546005502099,5,0,21,4,28,pc
1546005502100,6,0,21,4,28,pc
1546005502100,7,0,21,4,28,pc
1546005502100,7,1,21,4,28,pc
1546005502098,1,1,21,4,28,iOS
1546005502099,5,1,21,4,28,pc
1546005502098,2,1,21,4,28,iOS
1546005502099,4,1,21,4,28,Android
1546005502097,0,1,21,4,28,iOS
1546005502099,3,1,21,4,28,pc
1546005502100,6,1,21,4,28,pc
1546005502100,6,2,21,4,28,pc
1546005502098,2,2,21,4,28,iOS
1546005502098,1,2,21,4,28,iOS
1546005502099,3,2,21,4,28,pc
1546005502100,7,2,21,4,28,pc
1546005502097,0,2,21,4,28,iOS
1546005502099,4,2,21,4,28,Android
1546005502099,3,3,21,4,28,pc
1546005502098,1,3,21,4,28,iOS
1546005502098,2,3,21,4,28,iOS
1546005502100,7,3,21,4,28,pc
1546005502097,0,3,21,4,28,iOS
1546005502100,6,3,21,4,28,pc
1546005502099,4,3,21,4,28,Android
1546005502098,1,4,21,4,28,iOS
1546005502098,2,4,21,4,28,iOS
1546005502100,6,4,21,4,28,pc

1546005502100,7,4,21,4,28,pc
1546005502100,6,5,21,4,28,pc
1546005502098,2,5,21,4,28,iOS
1546005502098,1,5,21,4,28,iOS
1546005502099,3,5,21,4,28,pc
1546005502100,7,5,21,4,28,pc

1546005502099,3,6,21,4,28,pc
1546005502100,6,6,21,4,28,pc
1546005502098,1,6,21,4,28,iOS
1546005502098,2,6,21,4,28,iOS
1546005502097,0,6,21,4,28,iOS
1546005502100,7,6,21,4,28,pc
1546005502100,6,7,21,4,28,pc
1546005502098,2,7,21,4,28,iOS
1546005502097,0,7,21,4,28,iOS
1546005502099,3,7,21,4,28,pc
1546005502100,7,7,21,4,28,pc
1546005502100,6,8,21,4,28,pc
1546005502098,2,8,21,4,28,iOS
1546005502099,3,8,21,4,28,pc
1546005502099,3,9,21,4,28,pc
1546005502100,6,9,21,4,28,pc
1546005502397,0,0,21,4,28,pc
1546005502398,1,0,21,4,28,pc
1546005502398,2,0,21,4,28,iOS
1546005502398,3,0,21,4,28,pc
1546005502399,4,0,21,4,28,Android
1546005502399,5,0,21,4,28,iOS
1546005502399,6,0,21,4,28,pc
1546005502399,7,0,21,4,28,Android
1546005502399,5,1,21,4,28,iOS
1546005502398,1,1,21,4,28,pc
1546005502398,2,1,21,4,28,iOS
1546005502398,3,1,21,4,28,pc
1546005502399,4,1,21,4,28,Android
1546005502399,7,1,21,4,28,Android
1546005502397,0,1,21,4,28,pc
1546005502399,7,2,21,4,28,Android
1546005502399,5,2,21,4,28,iOS
1546005502397,0,2,21,4,28,pc
1546005502398,1,2,21,4,28,pc
1546005502398,3,2,21,4,28,pc
1546005502399,4,2,21,4,28,Android
1546005502398,2,2,21,4,28,iOS
1546005502398,1,3,21,4,28,pc

1546005502399,7,3,21,4,28,Android
1546005502399,5,3,21,4,28,iOS
1546005502398,3,3,21,4,28,pc
1546005502398,2,4,21,4,28,iOS
1546005502398,1,4,21,4,28,pc
1546005502399,5,4,21,4,28,iOS
1546005502398,3,4,21,4,28,pc
1546005502399,7,4,21,4,28,Android
1546005502398,2,5,21,4,28,iOS
1546005502398,3,5,21,4,28,pc
1546005502398,1,5,21,4,28,pc
1546005502398,2,6,21,4,28,iOS
1546005502398,3,6,21,4,28,pc
1546005502398,3,7,21,4,28,pc

1546005502398,3,8,21,4,28,pc

1546005502398,3,9,21,4,28,pc
1546005502656,0,0,21,4,28,Android
1546005502656,1,0,21,4,28,Android
1546005502657,2,0,21,4,28,iOS
1546005502658,3,0,21,4,28,iOS
1546005502658,4,0,21,4,28,pc
1546005502659,5,0,21,4,28,iOS
1546005502660,6,0,21,4,28,iOS
1546005502661,7,0,21,4,28,Android
1546005502656,1,1,21,4,28,Android
1546005502658,4,1,21,4,28,pc
1546005502661,7,1,21,4,28,Android
1546005502658,3,1,21,4,28,iOS
1546005502657,2,1,21,4,28,iOS
1546005502656,0,1,21,4,28,Android
1546005502660,6,1,21,4,28,iOS
1546005502659,5,1,21,4,28,iOS
1546005502659,5,2,21,4,28,iOS
1546005502656,0,2,21,4,28,Android
1546005502657,2,2,21,4,28,iOS
1546005502656,1,2,21,4,28,Android
1546005502661,7,2,21,4,28,Android
1546005502657,2,3,21,4,28,iOS
1546005502656,0,3,21,4,28,Android
1546005502661,7,3,21,4,28,Android
1546005502659,5,3,21,4,28,iOS
1546005502661,7,4,21,4,28,Android
1546005502659,5,4,21,4,28,iOS
1546005502657,2,4,21,4,28,iOS
1546005502656,0,4,21,4,28,Android
1546005502659,5,5,21,4,28,iOS
1546005502661,7,5,21,4,28,Android
1546005502657,2,5,21,4,28,iOS
1546005502659,5,6,21,4,28,iOS
1546005502661,7,6,21,4,28,Android
1546005502657,2,6,21,4,28,iOS
1546005502659,5,7,21,4,28,iOS
1546005502661,7,7,21,4,28,Android
1546005502659,5,8,21,4,28,iOS
1546005502661,7,8,21,4,28,Android
1546005502661,7,9,21,4,28,Android
1546005502957,0,0,21,4,28,Android
1546005502958,1,0,21,4,28,Android
1546005502959,3,0,21,4,28,pc
1546005502960,4,0,21,4,28,Android
1546005502961,5,0,21,4,28,pc
1546005502961,6,0,21,4,28,Android
1546005502962,7,0,21,4,28,Android
1546005502958,1,1,21,4,28,Android
1546005502957,0,1,21,4,28,Android
1546005502959,3,1,21,4,28,pc
1546005502960,4,1,21,4,28,Android
1546005502957,0,2,21,4,28,Android
1546005502961,6,2,21,4,28,Android
1546005502961,5,2,21,4,28,pc
1546005502958,1,2,21,4,28,Android
1546005502959,3,2,21,4,28,pc
1546005502960,4,2,21,4,28,Android
1546005502962,7,2,21,4,28,Android
1546005502957,0,3,21,4,28,Android
1546005502958,1,3,21,4,28,Android
1546005502961,5,3,21,4,28,pc
1546005502960,4,3,21,4,28,Android
1546005502962,7,3,21,4,28,Android
1546005502959,3,3,21,4,28,pc
1546005502960,4,4,21,4,28,Android
1546005502957,0,4,21,4,28,Android
1546005502959,3,4,21,4,28,pc
1546005502958,1,4,21,4,28,Android
1546005502962,7,4,21,4,28,Android
1546005502959,3,5,21,4,28,pc
1546005502957,0,5,21,4,28,Android
1546005502958,1,5,21,4,28,Android
1546005502962,7,5,21,4,28,Android
1546005502958,1,6,21,4,28,Android
1546005502957,0,6,21,4,28,Android
1546005502962,7,6,21,4,28,Android
1546005502959,3,7,21,4,28,pc
1546005502957,0,7,21,4,28,Android
1546005502962,7,7,21,4,28,Android
1546005502959,3,8,21,4,28,pc
1546005502959,3,9,21,4,28,pc
1546005503230,0,0,21,4,28,pc
1546005503231,1,0,21,4,28,Android
1546005503231,2,0,21,4,28,pc
1546005503232,3,0,21,4,28,iOS
1546005503232,4,0,21,4,28,Android
1546005503233,5,0,21,4,28,pc
1546005503233,6,0,21,4,28,Android
1546005503233,7,0,21,4,28,pc
1546005503233,7,1,21,4,28,pc
1546005503231,2,1,21,4,28,pc
1546005503231,1,1,21,4,28,Android
1546005503232,3,1,21,4,28,iOS
1546005503232,4,1,21,4,28,Android
1546005503233,6,1,21,4,28,Android
1546005503233,7,2,21,4,28,pc
1546005503232,3,2,21,4,28,iOS
1546005503233,6,2,21,4,28,Android
1546005503232,4,2,21,4,28,Android
1546005503232,3,3,21,4,28,iOS
1546005503232,4,3,21,4,28,Android
1546005503233,6,3,21,4,28,Android
1546005503232,4,4,21,4,28,Android
1546005503233,6,4,21,4,28,Android
1546005503232,3,4,21,4,28,iOS
1546005503232,3,5,21,4,28,iOS
1546005503232,4,5,21,4,28,Android
1546005503233,6,5,21,4,28,Android
1546005503232,4,6,21,4,28,Android
1546005503233,6,6,21,4,28,Android
1546005503233,6,7,21,4,28,Android
1546005503232,4,7,21,4,28,Android
1546005503233,6,8,21,4,28,Android
1546005503232,4,8,21,4,28,Android
1546005503480,0,0,21,4,28,iOS
1546005503481,1,0,21,4,28,iOS
1546005503481,2,0,21,4,28,pc
1546005503482,3,0,21,4,28,Android
1546005503482,4,0,21,4,28,iOS
1546005503483,5,0,21,4,28,Android
1546005503484,6,0,21,4,28,pc
1546005503484,7,0,21,4,28,pc
1546005503484,7,1,21,4,28,pc
1546005503481,1,1,21,4,28,iOS
1546005503482,4,1,21,4,28,iOS
1546005503481,2,1,21,4,28,pc
1546005503484,6,1,21,4,28,pc
1546005503480,0,1,21,4,28,iOS
id
1546005503480,0,2,21,4,28,iOS
1546005503482,4,2,21,4,28,iOS
1546005503481,2,2,21,4,28,pc
1546005503484,7,2,21,4,28,pc
1546005503483,5,2,21,4,28,Android
1546005503481,2,3,21,4,28,pc
1546005503484,7,3,21,4,28,pc
1546005503480,0,3,21,4,28,iOS
1546005503483,5,3,21,4,28,Android
1546005503481,2,4,21,4,28,pc
1546005503483,5,4,21,4,28,Android
1546005503480,0,4,21,4,28,iOS
1546005503484,7,4,21,4,28,pc
1546005503483,5,5,21,4,28,Android
1546005503481,2,5,21,4,28,pc
1546005503484,7,5,21,4,28,pc
1546005503480,0,5,21,4,28,iOS
1546005503480,0,6,21,4,28,iOS
1546005503484,7,6,21,4,28,pc
1546005503483,5,6,21,4,28,Android
1546005503481,2,6,21,4,28,pc
1546005503481,2,7,21,4,28,pc
1546005503480,0,7,21,4,28,iOS
1546005503484,7,7,21,4,28,pc
1546005503483,5,7,21,4,28,Android
1546005503481,2,8,21,4,28,pc
1546005503480,0,8,21,4,28,iOS
1546005503484,7,8,21,4,28,pc
1546005503481,2,9,21,4,28,pc
1546005503480,0,9,21,4,28,iOS
1546005503781,0,0,21,4,28,pc
1546005503782,1,0,21,4,28,pc
1546005503782,2,0,21,4,28,Android
1546005503782,3,0,21,4,28,iOS
1546005503782,4,0,21,4,28,iOS
1546005503783,5,0,21,4,28,iOS
1546005503783,6,0,21,4,28,Android
1546005503783,7,0,21,4,28,iOS
1546005503783,5,1,21,4,28,iOS
1546005503783,7,1,21,4,28,iOS
1546005503782,1,1,21,4,28,pc
1546005503782,2,1,21,4,28,Android
1546005503782,4,1,21,4,28,iOS
1546005503781,0,1,21,4,28,pc
1546005503782,3,1,21,4,28,iOS
1546005503783,7,2,21,4,28,iOS
1546005503783,5,2,21,4,28,iOS
1546005503782,4,2,21,4,28,iOS
1546005503782,2,2,21,4,28,Android
1546005503782,1,2,21,4,28,pc
1546005503781,0,2,21,4,28,pc
1546005503782,3,2,21,4,28,iOS
1546005503783,7,3,21,4,28,iOS
1546005503782,1,3,21,4,28,pc
1546005503782,2,3,21,4,28,Android
1546005503782,4,3,21,4,28,iOS
1546005503783,5,3,21,4,28,iOS
1546005503781,0,3,21,4,28,pc
1546005503782,3,3,21,4,28,iOS
1546005503781,0,4,21,4,28,pc
1546005503783,7,4,21,4,28,iOS
1546005503782,2,4,21,4,28,Android
1546005503783,5,4,21,4,28,iOS
1546005503782,4,4,21,4,28,iOS
1546005503782,1,4,21,4,28,pc
1546005503782,3,4,21,4,28,iOS
1546005503783,7,5,21,4,28,iOS
1546005503781,0,5,21,4,28,pc
1546005503783,5,5,21,4,28,iOS
1546005503782,4,5,21,4,28,iOS
1546005503782,3,5,21,4,28,iOS
1546005503782,2,5,21,4,28,Android
1546005503783,7,6,21,4,28,iOS
1546005503781,0,6,21,4,28,pc
1546005503782,2,6,21,4,28,Android
1546005503783,5,6,21,4,28,iOS
1546005503782,4,7,21,4,28,iOS
1546005503782,2,7,21,4,28,Android
1546005503781,0,7,21,4,28,pc
1546005503783,5,7,21,4,28,iOS
1546005503783,7,7,21,4,28,iOS
1546005503782,4,8,21,4,28,iOS
1546005503783,7,8,21,4,28,iOS
1546005503782,4,9,21,4,28,iOS
1546005503783,7,9,21,4,28,iOS
1546005504068,0,0,21,4,28,Android
1546005504068,1,0,21,4,28,pc
1546005504069,2,0,21,4,28,iOS
1546005504069,3,0,21,4,28,Android
1546005504069,4,0,21,4,28,iOS
1546005504070,5,0,21,4,28,iOS
1546005504070,6,0,21,4,28,iOS
1546005504070,7,0,21,4,28,Android
1546005504070,6,1,21,4,28,iOS
1546005504068,1,1,21,4,28,pc
1546005504069,2,1,21,4,28,iOS
1546005504070,7,1,21,4,28,Android
1546005504069,4,1,21,4,28,iOS
1546005504068,0,1,21,4,28,Android
1546005504070,5,1,21,4,28,iOS
1546005504070,7,2,21,4,28,Android
1546005504070,5,2,21,4,28,iOS
1546005504070,6,2,21,4,28,iOS
1546005504068,0,2,21,4,28,Android
1546005504068,1,2,21,4,28,pc
1546005504069,2,2,21,4,28,iOS
1546005504069,4,2,21,4,28,iOS
1546005504070,5,3,21,4,28,iOS
1546005504068,0,3,21,4,28,Android
1546005504069,4,3,21,4,28,iOS
1546005504069,2,3,21,4,28,iOS
1546005504070,7,3,21,4,28,Android
1546005504070,6,3,21,4,28,iOS
1546005504068,1,3,21,4,28,pc
1546005504069,4,4,21,4,28,iOS
1546005504070,5,4,21,4,28,iOS
1546005504070,6,4,21,4,28,iOS
1546005504068,1,4,21,4,28,pc
1546005504070,7,4,21,4,28,Android
1546005504068,0,4,21,4,28,Android
1546005504070,5,5,21,4,28,iOS
1546005504068,1,5,21,4,28,pc
1546005504069,4,5,21,4,28,iOS
1546005504070,6,5,21,4,28,iOS
1546005504068,0,5,21,4,28,Android
1546005504070,7,5,21,4,28,Android
1546005504070,5,6,21,4,28,iOS
1546005504068,1,6,21,4,28,pc
1546005504070,7,6,21,4,28,Android
1546005504070,6,6,21,4,28,iOS
1546005504069,4,6,21,4,28,iOS
1546005504068,0,6,21,4,28,Android
1546005504070,5,7,21,4,28,iOS
1546005504069,4,7,21,4,28,iOS
1546005504068,1,7,21,4,28,pc
1546005504068,0,7,21,4,28,Android
1546005504070,7,7,21,4,28,Android
1546005504070,5,8,21,4,28,iOS
1546005504069,4,8,21,4,28,iOS
1546005504070,7,8,21,4,28,Android
1546005504068,0,8,21,4,28,Android
1546005504068,1,8,21,4,28,pc
1546005504069,4,9,21,4,28,iOS
id
1546005504070,5,9,21,4,28,iOS
1546005504349,0,0,21,4,28,iOS
1546005504349,1,0,21,4,28,pc
1546005504350,2,0,21,4,28,pc
1546005504350,3,0,21,4,28,iOS
1546005504350,4,0,21,4,28,pc
1546005504351,5,0,21,4,28,Android
1546005504351,6,0,21,4,28,iOS
1546005504351,7,0,21,4,28,Android
1546005504350,4,1,21,4,28,pc
1546005504349,0,1,21,4,28,iOS
1546005504349,1,1,21,4,28,pc
1546005504351,6,1,21,4,28,iOS
1546005504350,3,1,21,4,28,iOS
1546005504350,2,1,21,4,28,pc
1546005504351,5,1,21,4,28,Android
1546005504351,5,2,21,4,28,Android
1546005504350,3,2,21,4,28,iOS
1546005504349,1,2,21,4,28,pc
1546005504350,2,2,21,4,28,pc
1546005504351,6,2,21,4,28,iOS
1546005504349,0,2,21,4,28,iOS
1546005504350,3,3,21,4,28,iOS
1546005504351,6,3,21,4,28,iOS
1546005504351,5,3,21,4,28,Android
1546005504350,3,4,21,4,28,iOS
1546005504349,1,4,21,4,28,pc
1546005504351,6,4,21,4,28,iOS
1546005504351,5,4,21,4,28,Android
1546005504349,1,5,21,4,28,pc
1546005504351,5,5,21,4,28,Android
1546005504351,6,5,21,4,28,iOS
1546005504349,1,6,21,4,28,pc
1546005504350,3,6,21,4,28,iOS
1546005504351,6,6,21,4,28,iOS
1546005504351,5,6,21,4,28,Android
1546005504349,1,7,21,4,28,pc
1546005504350,3,7,21,4,28,iOS
1546005504351,6,7,21,4,28,iOS
1546005504351,5,7,21,4,28,Android
1546005504351,5,8,21,4,28,Android
1546005504351,6,8,21,4,28,iOS
1546005504351,6,9,21,4,28,iOS
1546005504627,0,0,21,4,28,Android
1546005504628,1,0,21,4,28,Android
1546005504628,2,0,21,4,28,pc
1546005504629,3,0,21,4,28,iOS
1546005504629,4,0,21,4,28,Android
1546005504629,5,0,21,4,28,Android
1546005504630,6,0,21,4,28,Android
1546005504630,7,0,21,4,28,pc
1546005504629,3,1,21,4,28,iOS
1546005504630,7,1,21,4,28,pc
1546005504628,1,1,21,4,28,Android
1546005504628,2,1,21,4,28,pc
1546005504629,4,1,21,4,28,Android
1546005504627,0,1,21,4,28,Android
1546005504629,5,1,21,4,28,Android
1546005504629,4,2,21,4,28,Android
1546005504629,5,2,21,4,28,Android
1546005504628,1,2,21,4,28,Android
1546005504628,2,2,21,4,28,pc
1546005504629,3,2,21,4,28,iOS
1546005504629,5,3,21,4,28,Android
1546005504629,4,3,21,4,28,Android
1546005504628,1,3,21,4,28,Android
1546005504629,3,3,21,4,28,iOS
1546005504629,5,4,21,4,28,Android
1546005504629,4,4,21,4,28,Android
1546005504629,3,4,21,4,28,iOS
1546005504629,3,5,21,4,28,iOS
1546005504629,4,5,21,4,28,Android
1546005504629,5,5,21,4,28,Android
1546005504629,3,6,21,4,28,iOS
1546005504629,5,6,21,4,28,Android
1546005504629,4,6,21,4,28,Android
1546005504629,3,7,21,4,28,iOS
1546005504629,4,7,21,4,28,Android
1546005504629,4,8,21,4,28,Android
1546005504987,0,0,21,4,28,iOS
1546005504988,1,0,21,4,28,pc
1546005505007,2,0,21,4,28,pc
1546005505007,3,0,21,4,28,Android
1546005505008,4,0,21,4,28,iOS
1546005505009,7,0,21,4,28,Android
1546005505008,5,0,21,4,28,Android
1546005505009,6,0,21,4,28,iOS
1546005504987,0,1,21,4,28,iOS
1546005505009,7,1,21,4,28,Android
1546005505007,3,1,21,4,28,Android
1546005505008,4,1,21,4,28,iOS
1546005504988,1,1,21,4,28,pc
1546005505008,4,2,21,4,28,iOS
1546005505009,6,1,21,4,28,iOS
1546005505008,5,1,21,4,28,Android
1546005504987,0,2,21,4,28,iOS
1546005505009,7,2,21,4,28,Android
1546005505007,3,2,21,4,28,Android
1546005505009,7,3,21,4,28,Android
1546005505007,3,3,21,4,28,Android
1546005504987,0,3,21,4,28,iOS
1546005505009,6,2,21,4,28,iOS
1546005505008,5,2,21,4,28,Android
1546005505008,4,3,21,4,28,iOS
1546005505009,7,4,21,4,28,Android
1546005505009,6,3,21,4,28,iOS
1546005505008,4,4,21,4,28,iOS
1546005505007,3,4,21,4,28,Android
1546005505008,4,5,21,4,28,iOS
1546005505007,3,5,21,4,28,Android
1546005505009,6,4,21,4,28,iOS
1546005505009,6,5,21,4,28,iOS
1546005505008,4,6,21,4,28,iOS
1546005505535,0,0,21,4,28,Android
1546005505535,1,0,21,4,28,Android
1546005505536,2,0,21,4,28,pc
1546005505537,3,0,21,4,28,pc
1546005505538,4,0,21,4,28,Android
1546005505538,5,0,21,4,28,iOS
1546005505641,6,0,21,4,28,Android
1546005505760,7,0,21,4,28,Android
1546005505535,0,1,21,4,28,Android
1546005505538,5,1,21,4,28,iOS
1546005505538,4,1,21,4,28,Android
1546005505537,3,1,21,4,28,pc
1546005505535,1,1,21,4,28,Android
1546005505536,2,1,21,4,28,pc
1546005505535,1,2,21,4,28,Android
1546005505538,5,2,21,4,28,iOS
1546005505760,7,1,21,4,28,Android
1546005505535,0,2,21,4,28,Android
1546005505538,4,2,21,4,28,Android
1546005505641,6,1,21,4,28,Android
1546005505536,2,2,21,4,28,pc
1546005505538,5,3,21,4,28,iOS
1546005505641,6,2,21,4,28,Android
1546005505760,7,2,21,4,28,Android
1546005505535,1,3,21,4,28,Android
1546005505535,0,3,21,4,28,Android
1546005505536,2,3,21,4,28,pc
1546005505536,2,4,21,4,28,pc
1546005505641,6,3,21,4,28,Android
1546005505760,7,3,21,4,28,Android
1546005505535,1,4,21,4,28,Android
1546005505535,0,4,21,4,28,Android
1546005505536,2,5,21,4,28,pc
1546005505760,7,4,21,4,28,Android
1546005505641,6,4,21,4,28,Android
1546005505641,6,5,21,4,28,Android
1546005505536,2,6,21,4,28,pc
1546005505641,6,6,21,4,28,Android
1546005505536,2,7,21,4,28,pc
1546005505536,2,8,21,4,28,pc
1546005505641,6,7,21,4,28,Android
1546005505641,6,8,21,4,28,Android
1546005505641,6,9,21,4,28,Android
1546005506156,0,0,21,4,28,pc
1546005506156,1,0,21,4,28,pc
1546005506156,2,0,21,4,28,pc
1546005506157,3,0,21,4,28,Android
1546005506157,4,0,21,4,28,Android
1546005506157,5,0,21,4,28,pc
1546005506158,6,0,21,4,28,pc
1546005506158,7,0,21,4,28,iOS
1546005506157,5,1,21,4,28,pc
1546005506157,3,1,21,4,28,Android
1546005506156,0,1,21,4,28,pc
1546005506158,7,1,21,4,28,iOS
1546005506156,1,1,21,4,28,pc
1546005506156,2,1,21,4,28,pc
1546005506158,6,1,21,4,28,pc
1546005506157,4,1,21,4,28,Android
1546005506158,6,2,21,4,28,pc
1546005506156,0,2,21,4,28,pc
1546005506157,5,2,21,4,28,pc
1546005506157,4,2,21,4,28,Android
1546005506156,1,2,21,4,28,pc
1546005506156,2,2,21,4,28,pc
1546005506158,7,2,21,4,28,iOS
1546005506158,6,3,21,4,28,pc
1546005506158,7,3,21,4,28,iOS
1546005506156,2,3,21,4,28,pc
1546005506156,1,3,21,4,28,pc
1546005506157,4,3,21,4,28,Android
1546005506157,4,4,21,4,28,Android
1546005506156,1,4,21,4,28,pc
1546005506158,7,4,21,4,28,iOS
1546005506158,6,4,21,4,28,pc
1546005506156,2,4,21,4,28,pc
1546005506158,6,5,21,4,28,pc
1546005506158,7,5,21,4,28,iOS
1546005506157,4,5,21,4,28,Android
1546005506157,4,6,21,4,28,Android
1546005506158,6,6,21,4,28,pc
1546005506158,6,7,21,4,28,pc
1546005506158,6,8,21,4,28,pc
1546005506436,0,0,21,4,28,pc
1546005506436,1,0,21,4,28,pc
1546005506437,2,0,21,4,28,pc
1546005506438,3,0,21,4,28,iOS
1546005506438,4,0,21,4,28,pc
1546005506438,5,0,21,4,28,pc
1546005506438,6,0,21,4,28,pc
1546005506439,7,0,21,4,28,iOS
1546005506436,1,1,21,4,28,pc
1546005506439,7,1,21,4,28,iOS
1546005506438,4,1,21,4,28,pc
1546005506438,3,1,21,4,28,iOS
1546005506438,6,1,21,4,28,pc
1546005506437,2,1,21,4,28,pc
1546005506438,3,2,21,4,28,iOS
1546005506438,4,2,21,4,28,pc
1546005506437,2,2,21,4,28,pc
1546005506438,6,2,21,4,28,pc
1546005506439,7,2,21,4,28,iOS
1546005506436,1,2,21,4,28,pc
1546005506438,3,3,21,4,28,iOS
1546005506436,1,3,21,4,28,pc
1546005506437,2,3,21,4,28,pc
1546005506438,6,3,21,4,28,pc
1546005506438,4,3,21,4,28,pc
1546005506438,6,4,21,4,28,pc
1546005506436,1,4,21,4,28,pc
1546005506437,2,4,21,4,28,pc
1546005506438,3,4,21,4,28,iOS
1546005506438,4,4,21,4,28,pc
1546005506436,1,5,21,4,28,pc
1546005506437,2,5,21,4,28,pc
1546005506438,3,5,21,4,28,iOS
1546005506438,6,5,21,4,28,pc
1546005506438,4,5,21,4,28,pc
1546005506436,1,6,21,4,28,pc
1546005506438,3,6,21,4,28,iOS
1546005506438,4,6,21,4,28,pc
1546005506438,4,7,21,4,28,pc
1546005506438,3,7,21,4,28,iOS
1546005506436,1,7,21,4,28,pc
1546005506438,4,8,21,4,28,pc
1546005506438,3,8,21,4,28,iOS
1546005506436,1,8,21,4,28,pc
1546005506438,4,9,21,4,28,pc
1546005506682,0,0,21,4,28,pc
1546005506682,1,0,21,4,28,pc
1546005506683,2,0,21,4,28,Android
1546005506683,3,0,21,4,28,Android
1546005506683,4,0,21,4,28,Android
1546005506683,5,0,21,4,28,Android
1546005506684,6,0,21,4,28,pc
1546005506684,7,0,21,4,28,Android
1546005506683,3,1,21,4,28,Android
1546005506682,0,1,21,4,28,pc
1546005506683,4,1,21,4,28,Android
1546005506684,6,1,21,4,28,pc
1546005506683,2,1,21,4,28,Android
1546005506682,1,1,21,4,28,pc
1546005506683,5,1,21,4,28,Android
1546005506684,7,1,21,4,28,Android
1546005506683,3,2,21,4,28,Android
1546005506682,0,2,21,4,28,pc
1546005506683,4,2,21,4,28,Android
1546005506682,1,2,21,4,28,pc
1546005506683,2,2,21,4,28,Android
1546005506683,5,2,21,4,28,Android
1546005506684,6,2,21,4,28,pc
1546005506683,3,3,21,4,28,Android
1546005506682,0,3,21,4,28,pc
1546005506683,5,3,21,4,28,Android
1546005506683,4,3,21,4,28,Android
1546005506684,6,3,21,4,28,pc
1546005506683,2,3,21,4,28,Android
1546005506683,3,4,21,4,28,Android
1546005506683,2,4,21,4,28,Android
1546005506684,6,4,21,4,28,pc
1546005506682,0,4,21,4,28,pc
1546005506683,4,4,21,4,28,Android
1546005506683,5,4,21,4,28,Android
1546005506684,6,5,21,4,28,pc
1546005506683,4,5,21,4,28,Android
1546005506682,0,5,21,4,28,pc
1546005506683,5,5,21,4,28,Android
1546005506683,3,5,21,4,28,Android
1546005506683,4,6,21,4,28,Android
1546005506684,6,6,21,4,28,pc
1546005506683,3,6,21,4,28,Android
1546005506683,5,6,21,4,28,Android
1546005506682,0,6,21,4,28,pc
1546005506684,6,7,21,4,28,pc
oid
1546005506683,5,7,21,4,28,Android
1546005506682,0,7,21,4,28,pc
1546005506684,6,8,21,4,28,pc
1546005506682,0,8,21,4,28,pc
1546005506683,3,8,21,4,28,Android
1546005506682,0,9,21,4,28,pc
1546005506936,0,0,21,4,28,pc
1546005506936,1,0,21,4,28,iOS
1546005506936,2,0,21,4,28,pc
1546005506937,3,0,21,4,28,pc
1546005506937,4,0,21,4,28,pc
1546005506938,5,0,21,4,28,Android
1546005506938,6,0,21,4,28,pc
1546005506939,7,0,21,4,28,pc
1546005506937,3,1,21,4,28,pc
1546005506939,7,1,21,4,28,pc
1546005506938,6,1,21,4,28,pc
1546005506937,4,1,21,4,28,pc
1546005506938,5,1,21,4,28,Android
1546005506936,2,1,21,4,28,pc
1546005506936,0,1,21,4,28,pc
1546005506937,4,2,21,4,28,pc
1546005506938,6,2,21,4,28,pc
1546005506939,7,2,21,4,28,pc
1546005506937,3,2,21,4,28,pc
1546005506938,5,2,21,4,28,Android
1546005506936,2,2,21,4,28,pc
1546005506936,0,2,21,4,28,pc
1546005506937,3,3,21,4,28,pc
1546005506938,6,3,21,4,28,pc
1546005506936,2,3,21,4,28,pc
1546005506936,0,3,21,4,28,pc
1546005506937,4,3,21,4,28,pc
1546005506938,5,3,21,4,28,Android
1546005506939,7,3,21,4,28,pc
1546005506937,4,4,21,4,28,pc
1546005506938,5,4,21,4,28,Android
1546005506937,3,4,21,4,28,pc
1546005506939,7,4,21,4,28,pc
1546005506936,0,4,21,4,28,pc
1546005506937,4,5,21,4,28,pc
1546005506938,5,5,21,4,28,Android
1546005506936,0,5,21,4,28,pc
1546005506937,3,5,21,4,28,pc
1546005506937,4,6,21,4,28,pc
1546005506936,0,6,21,4,28,pc
1546005506938,5,6,21,4,28,Android
1546005506937,3,6,21,4,28,pc
1546005506937,4,7,21,4,28,pc
1546005506936,0,7,21,4,28,pc
1546005506937,3,7,21,4,28,pc
1546005506938,5,7,21,4,28,Android
1546005506937,4,8,21,4,28,pc
1546005506938,5,8,21,4,28,Android
1546005506938,5,9,21,4,28,Android
1546005506937,4,9,21,4,28,pc
1546005507270,0,0,21,4,28,iOS
1546005507271,1,0,21,4,28,Android
1546005507271,2,0,21,4,28,Android
1546005507271,3,0,21,4,28,pc
1546005507271,4,0,21,4,28,pc
1546005507272,5,0,21,4,28,iOS
1546005507272,6,0,21,4,28,Android
1546005507272,7,0,21,4,28,pc
1546005507271,3,1,21,4,28,pc
1546005507271,4,1,21,4,28,pc
1546005507272,5,1,21,4,28,iOS
1546005507272,7,1,21,4,28,pc
1546005507271,1,1,21,4,28,Android
1546005507272,6,1,21,4,28,Android
1546005507270,0,1,21,4,28,iOS
id
1546005507272,5,2,21,4,28,iOS
1546005507272,6,2,21,4,28,Android
1546005507271,2,2,21,4,28,Android
1546005507270,0,2,21,4,28,iOS
1546005507271,3,2,21,4,28,pc
1546005507272,7,2,21,4,28,pc
1546005507271,4,2,21,4,28,pc
1546005507270,0,3,21,4,28,iOS
1546005507271,4,3,21,4,28,pc
1546005507272,5,3,21,4,28,iOS
1546005507271,2,3,21,4,28,Android
1546005507271,3,3,21,4,28,pc
1546005507272,7,3,21,4,28,pc
1546005507272,6,3,21,4,28,Android
1546005507271,4,4,21,4,28,pc
1546005507271,2,4,21,4,28,Android
1546005507272,7,4,21,4,28,pc
1546005507271,3,4,21,4,28,pc
1546005507272,5,4,21,4,28,iOS
1546005507271,4,5,21,4,28,pc
1546005507272,5,5,21,4,28,iOS
1546005507271,2,5,21,4,28,Android
1546005507271,3,5,21,4,28,pc
1546005507271,3,6,21,4,28,pc
1546005507272,5,6,21,4,28,iOS
1546005507271,2,6,21,4,28,Android
1546005507271,4,6,21,4,28,pc
1546005507272,5,7,21,4,28,iOS
1546005507594,0,0,21,4,28,Android
1546005507595,1,0,21,4,28,iOS
1546005507595,2,0,21,4,28,Android
1546005507595,3,0,21,4,28,Android
1546005507596,4,0,21,4,28,Android
1546005507597,5,0,21,4,28,iOS
1546005507597,6,0,21,4,28,pc
1546005507597,7,0,21,4,28,iOS
1546005507596,4,1,21,4,28,Android
1546005507597,5,1,21,4,28,iOS
1546005507597,6,1,21,4,28,pc
1546005507594,0,1,21,4,28,Android
1546005507597,7,1,21,4,28,iOS
1546005507595,3,1,21,4,28,Android
1546005507595,2,1,21,4,28,Android
1546005507597,6,2,21,4,28,pc
1546005507596,4,2,21,4,28,Android
1546005507594,0,2,21,4,28,Android
1546005507597,7,2,21,4,28,iOS
1546005507595,2,2,21,4,28,Android
1546005507595,3,2,21,4,28,Android
1546005507597,7,3,21,4,28,iOS
1546005507594,0,3,21,4,28,Android
1546005507595,2,3,21,4,28,Android
1546005507595,3,3,21,4,28,Android
1546005507596,4,3,21,4,28,Android
1546005507595,2,4,21,4,28,Android
1546005507596,4,4,21,4,28,Android
1546005507594,0,4,21,4,28,Android
1546005507595,3,4,21,4,28,Android
1546005507597,7,4,21,4,28,iOS
1546005507595,3,5,21,4,28,Android
1546005507597,7,5,21,4,28,iOS
1546005507596,4,5,21,4,28,Android
1546005507595,2,5,21,4,28,Android
1546005507594,0,5,21,4,28,Android
1546005507596,4,6,21,4,28,Android
1546005507597,7,6,21,4,28,iOS
1546005507594,0,6,21,4,28,Android
1546005507597,7,7,21,4,28,iOS
1546005507596,4,7,21,4,28,Android
1546005507597,7,8,21,4,28,iOS
1546005507596,4,8,21,4,28,Android
1546005507596,4,9,21,4,28,Android
1546005507860,0,0,21,4,28,Android
1546005507860,1,0,21,4,28,iOS
1546005507861,2,0,21,4,28,iOS
1546005507861,3,0,21,4,28,iOS
1546005507862,4,0,21,4,28,iOS
1546005507862,5,0,21,4,28,iOS
1546005507863,6,0,21,4,28,iOS
1546005507864,7,0,21,4,28,pc
1546005507861,3,1,21,4,28,iOS
1546005507860,1,1,21,4,28,iOS
1546005507860,0,1,21,4,28,Android
1546005507861,2,1,21,4,28,iOS
1546005507864,7,1,21,4,28,pc
1546005507863,6,1,21,4,28,iOS
1546005507862,4,1,21,4,28,iOS
1546005507860,0,2,21,4,28,Android
1546005507861,2,2,21,4,28,iOS
1546005507860,1,2,21,4,28,iOS
1546005507862,4,2,21,4,28,iOS
1546005507861,3,2,21,4,28,iOS
1546005507864,7,2,21,4,28,pc
1546005507863,6,2,21,4,28,iOS
1546005507864,7,3,21,4,28,pc
1546005507860,0,3,21,4,28,Android
1546005507860,1,3,21,4,28,iOS
1546005507862,4,3,21,4,28,iOS
1546005507861,3,3,21,4,28,iOS
1546005507862,4,4,21,4,28,iOS
1546005507864,7,4,21,4,28,pc
1546005507860,0,4,21,4,28,Android
1546005507861,3,4,21,4,28,iOS
1546005507861,3,5,21,4,28,iOS
1546005507860,0,5,21,4,28,Android
1546005507860,0,6,21,4,28,Android
1546005507864,7,6,21,4,28,pc
1546005507861,3,6,21,4,28,iOS
1546005507861,3,7,21,4,28,iOS
1546005507864,7,7,21,4,28,pc
1546005507864,7,8,21,4,28,pc
1546005508182,0,0,21,4,28,pc
1546005508183,1,0,21,4,28,Android
1546005508183,2,0,21,4,28,iOS
1546005508184,3,0,21,4,28,pc
1546005508184,4,0,21,4,28,Android
1546005508184,5,0,21,4,28,iOS
1546005508185,6,0,21,4,28,iOS
1546005508186,7,0,21,4,28,pc
1546005508184,4,1,21,4,28,Android
1546005508184,5,1,21,4,28,iOS
1546005508186,7,1,21,4,28,pc
1546005508184,3,1,21,4,28,pc
1546005508182,0,1,21,4,28,pc
1546005508183,2,1,21,4,28,iOS
1546005508185,6,1,21,4,28,iOS
1546005508183,1,1,21,4,28,Android
1546005508182,0,2,21,4,28,pc
1546005508183,1,2,21,4,28,Android
1546005508185,6,2,21,4,28,iOS
1546005508184,5,2,21,4,28,iOS
1546005508184,4,2,21,4,28,Android
1546005508183,2,2,21,4,28,iOS
1546005508186,7,2,21,4,28,pc
1546005508184,3,2,21,4,28,pc
1546005508184,3,3,21,4,28,pc
1546005508186,7,3,21,4,28,pc
1546005508185,6,3,21,4,28,iOS
1546005508184,4,3,21,4,28,Android
1546005508183,2,3,21,4,28,iOS
1546005508182,0,3,21,4,28,pc
1546005508184,4,4,21,4,28,Android
1546005508183,2,4,21,4,28,iOS
1546005508184,3,4,21,4,28,pc
1546005508185,6,4,21,4,28,iOS
1546005508186,7,4,21,4,28,pc
1546005508184,4,5,21,4,28,Android
1546005508185,6,5,21,4,28,iOS
1546005508186,7,5,21,4,28,pc
1546005508183,2,5,21,4,28,iOS
1546005508185,6,6,21,4,28,iOS
1546005508184,3,6,21,4,28,pc
1546005508183,2,6,21,4,28,iOS
1546005508184,4,6,21,4,28,Android
1546005508184,3,7,21,4,28,pc
1546005508185,6,7,21,4,28,iOS
1546005508184,4,7,21,4,28,Android
1546005508184,3,8,21,4,28,pc
1546005508184,4,8,21,4,28,Android
1546005508185,6,8,21,4,28,iOS
1546005508185,6,9,21,4,28,iOS
1546005508508,0,0,21,4,28,pc
1546005508508,1,0,21,4,28,pc
1546005508509,2,0,21,4,28,Android
1546005508509,3,0,21,4,28,iOS
1546005508509,4,0,21,4,28,pc
1546005508509,5,0,21,4,28,Android
1546005508510,6,0,21,4,28,pc
1546005508510,7,0,21,4,28,pc
1546005508510,7,1,21,4,28,pc
1546005508509,2,1,21,4,28,Android
1546005508508,0,1,21,4,28,pc
1546005508508,1,1,21,4,28,pc
1546005508509,4,1,21,4,28,pc
1546005508509,3,1,21,4,28,iOS
1546005508510,6,1,21,4,28,pc
1546005508510,6,2,21,4,28,pc
1546005508508,0,2,21,4,28,pc
1546005508509,3,2,21,4,28,iOS
1546005508510,7,2,21,4,28,pc
1546005508509,4,2,21,4,28,pc
1546005508509,2,2,21,4,28,Android
1546005508508,1,2,21,4,28,pc
1546005508509,3,3,21,4,28,iOS
1546005508508,0,3,21,4,28,pc
1546005508509,2,3,21,4,28,Android
1546005508509,4,3,21,4,28,pc
1546005508508,1,3,21,4,28,pc
1546005508510,7,4,21,4,28,pc
1546005508509,4,4,21,4,28,pc
1546005508508,1,4,21,4,28,pc
1546005508509,2,4,21,4,28,Android
1546005508509,3,4,21,4,28,iOS
1546005508508,0,4,21,4,28,pc
1546005508508,1,5,21,4,28,pc
1546005508508,0,5,21,4,28,pc
1546005508509,2,5,21,4,28,Android
1546005508510,7,5,21,4,28,pc
1546005508510,7,6,21,4,28,pc
1546005508509,2,6,21,4,28,Android
1546005508508,0,7,21,4,28,pc
1546005508510,7,7,21,4,28,pc
1546005508509,2,7,21,4,28,Android
1546005508508,0,8,21,4,28,pc
1546005508509,2,8,21,4,28,Android
1546005508509,2,9,21,4,28,Android
1546005508771,0,0,21,4,28,iOS
1546005508771,1,0,21,4,28,iOS
1546005508772,2,0,21,4,28,iOS
1546005508773,3,0,21,4,28,iOS
1546005508773,4,0,21,4,28,Android
1546005508774,5,0,21,4,28,Android
1546005508774,6,0,21,4,28,iOS
1546005508775,7,0,21,4,28,iOS
1546005508773,3,1,21,4,28,iOS
1546005508775,7,1,21,4,28,iOS
1546005508773,4,1,21,4,28,Android
1546005508771,1,1,21,4,28,iOS
1546005508771,0,1,21,4,28,iOS
1546005508772,2,1,21,4,28,iOS
1546005508774,5,1,21,4,28,Android
1546005508773,4,2,21,4,28,Android
1546005508771,0,2,21,4,28,iOS
1546005508773,3,2,21,4,28,iOS
1546005508772,2,2,21,4,28,iOS
1546005508774,5,2,21,4,28,Android
1546005508775,7,3,21,4,28,iOS
1546005508773,3,3,21,4,28,iOS
1546005508771,0,3,21,4,28,iOS
1546005508772,2,3,21,4,28,iOS
1546005508774,5,3,21,4,28,Android
1546005508773,3,4,21,4,28,iOS
1546005508772,2,4,21,4,28,iOS
1546005508775,7,4,21,4,28,iOS
1546005508774,5,4,21,4,28,Android
1546005508771,0,4,21,4,28,iOS
1546005508773,3,5,21,4,28,iOS
1546005508775,7,5,21,4,28,iOS
1546005508774,5,5,21,4,28,Android
1546005508773,3,6,21,4,28,iOS
1546005508775,7,7,21,4,28,iOS
1546005508773,3,7,21,4,28,iOS
1546005509029,0,0,21,4,28,iOS
1546005509030,1,0,21,4,28,Android
1546005509031,2,0,21,4,28,iOS
1546005509033,3,0,21,4,28,pc
1546005509034,4,0,21,4,28,iOS
1546005509036,5,0,21,4,28,iOS
1546005509042,6,0,21,4,28,Android
1546005509046,7,0,21,4,28,Android
1546005509031,2,1,21,4,28,iOS
1546005509033,3,1,21,4,28,pc
1546005509030,1,1,21,4,28,Android
1546005509046,7,1,21,4,28,Android
1546005509029,0,1,21,4,28,iOS
1546005509036,5,1,21,4,28,iOS
1546005509034,4,1,21,4,28,iOS
1546005509042,6,1,21,4,28,Android
1546005509046,7,2,21,4,28,Android
1546005509029,0,2,21,4,28,iOS
1546005509042,6,2,21,4,28,Android
1546005509033,3,2,21,4,28,pc
1546005509030,1,2,21,4,28,Android
1546005509031,2,2,21,4,28,iOS
1546005509034,4,2,21,4,28,iOS
1546005509029,0,3,21,4,28,iOS
1546005509034,4,3,21,4,28,iOS
1546005509042,6,3,21,4,28,Android
1546005509030,1,3,21,4,28,Android
1546005509046,7,3,21,4,28,Android
1546005509042,6,4,21,4,28,Android
1546005509046,7,4,21,4,28,Android
1546005509029,0,4,21,4,28,iOS
1546005509030,1,4,21,4,28,Android
1546005509034,4,4,21,4,28,iOS
1546005509030,1,5,21,4,28,Android
1546005509046,7,5,21,4,28,Android
1546005509034,4,5,21,4,28,iOS
1546005509029,0,5,21,4,28,iOS
1546005509046,7,6,21,4,28,Android
1546005509034,4,6,21,4,28,iOS
1546005509029,0,6,21,4,28,iOS
1546005509030,1,6,21,4,28,Android
1546005509042,6,6,21,4,28,Android
1546005509034,4,7,21,4,28,iOS
1546005509034,4,8,21,4,28,iOS
1546005509034,4,9,21,4,28,iOS
1546005509324,0,0,21,4,28,Android
1546005509324,1,0,21,4,28,pc
1546005509325,2,0,21,4,28,pc
1546005509325,3,0,21,4,28,pc
1546005509325,4,0,21,4,28,iOS
1546005509325,5,0,21,4,28,pc
1546005509326,6,0,21,4,28,Android
1546005509326,7,0,21,4,28,iOS
1546005509325,3,1,21,4,28,pc
1546005509326,6,1,21,4,28,Android
1546005509325,2,1,21,4,28,pc
1546005509324,1,1,21,4,28,pc
1546005509325,4,1,21,4,28,iOS
1546005509325,5,1,21,4,28,pc
1546005509326,7,1,21,4,28,iOS
1546005509324,0,1,21,4,28,Android
1546005509326,6,2,21,4,28,Android
1546005509325,2,2,21,4,28,pc
1546005509325,3,2,21,4,28,pc
1546005509325,5,2,21,4,28,pc
1546005509324,1,2,21,4,28,pc
1546005509324,0,2,21,4,28,Android
1546005509325,3,3,21,4,28,pc
1546005509325,2,3,21,4,28,pc
1546005509326,6,3,21,4,28,Android
1546005509324,1,3,21,4,28,pc
1546005509325,5,3,21,4,28,pc
1546005509325,2,4,21,4,28,pc
oid
1546005509324,1,5,21,4,28,pc
1546005509326,6,5,21,4,28,Android
1546005509324,1,6,21,4,28,pc
1546005509324,1,7,21,4,28,pc
1546005509324,1,8,21,4,28,pc
1546005509581,0,0,21,4,28,Android
1546005509582,1,0,21,4,28,iOS
1546005509583,2,0,21,4,28,Android
1546005509584,3,0,21,4,28,iOS
1546005509585,4,0,21,4,28,iOS
1546005509585,5,0,21,4,28,iOS
1546005509586,6,0,21,4,28,Android
1546005509586,7,0,21,4,28,Android
1546005509585,4,1,21,4,28,iOS
1546005509582,1,1,21,4,28,iOS
1546005509586,6,1,21,4,28,Android
1546005509583,2,1,21,4,28,Android
1546005509584,3,1,21,4,28,iOS
1546005509586,7,1,21,4,28,Android
1546005509581,0,1,21,4,28,Android
1546005509583,2,2,21,4,28,Android
1546005509582,1,2,21,4,28,iOS
1546005509585,4,2,21,4,28,iOS
1546005509584,3,2,21,4,28,iOS
1546005509586,6,2,21,4,28,Android
1546005509586,7,2,21,4,28,Android
1546005509581,0,2,21,4,28,Android
1546005509583,2,3,21,4,28,Android
1546005509584,3,3,21,4,28,iOS
1546005509586,7,3,21,4,28,Android
1546005509581,0,3,21,4,28,Android
1546005509586,6,3,21,4,28,Android
1546005509583,2,4,21,4,28,Android
1546005509586,6,4,21,4,28,Android
1546005509586,7,4,21,4,28,Android
1546005509581,0,4,21,4,28,Android
1546005509586,7,5,21,4,28,Android
1546005509586,6,5,21,4,28,Android
1546005509583,2,5,21,4,28,Android
1546005509581,0,5,21,4,28,Android
1546005509581,0,6,21,4,28,Android
1546005509583,2,6,21,4,28,Android
1546005509586,6,6,21,4,28,Android
1546005509586,6,7,21,4,28,Android
1546005509583,2,7,21,4,28,Android
1546005509581,0,7,21,4,28,Android
1546005509583,2,8,21,4,28,Android
1546005509864,0,0,21,4,28,Android
1546005509864,1,0,21,4,28,pc
1546005509865,2,0,21,4,28,Android
1546005509865,3,0,21,4,28,Android
1546005509865,4,0,21,4,28,Android
1546005509865,5,0,21,4,28,pc
1546005509866,6,0,21,4,28,iOS
1546005509866,7,0,21,4,28,Android
1546005509865,3,1,21,4,28,Android
1546005509864,1,1,21,4,28,pc
1546005509866,6,1,21,4,28,iOS
1546005509865,4,1,21,4,28,Android
1546005509864,0,1,21,4,28,Android
1546005509865,2,1,21,4,28,Android
1546005509865,5,1,21,4,28,pc
1546005509866,7,1,21,4,28,Android
1546005509865,3,2,21,4,28,Android
1546005509864,0,2,21,4,28,Android
1546005509864,1,2,21,4,28,pc
1546005509866,7,2,21,4,28,Android
1546005509866,6,2,21,4,28,iOS
1546005509865,5,2,21,4,28,pc
1546005509865,4,2,21,4,28,Android
1546005509865,5,3,21,4,28,pc
1546005509866,7,3,21,4,28,Android
1546005509865,3,3,21,4,28,Android
1546005509866,6,3,21,4,28,iOS
1546005509864,0,3,21,4,28,Android
1546005509865,5,4,21,4,28,pc
1546005509866,7,4,21,4,28,Android
1546005509865,3,4,21,4,28,Android
1546005509866,6,4,21,4,28,iOS
id
1546005509865,5,5,21,4,28,pc
1546005509866,7,5,21,4,28,Android
1546005509865,3,5,21,4,28,Android
1546005509865,3,6,21,4,28,Android
1546005509866,7,6,21,4,28,Android
1546005509865,3,7,21,4,28,Android
1546005509866,7,7,21,4,28,Android
1546005509865,3,8,21,4,28,Android
1546005509866,7,8,21,4,28,Android
1546005509865,3,9,21,4,28,Android
1546005509866,7,9,21,4,28,Android
1546005510122,0,0,21,4,28,pc
1546005510122,1,0,21,4,28,Android
1546005510123,2,0,21,4,28,Android
1546005510123,3,0,21,4,28,iOS
1546005510124,4,0,21,4,28,iOS
1546005510124,5,0,21,4,28,iOS
1546005510126,7,0,21,4,28,pc
1546005510125,6,0,21,4,28,Android
1546005510126,7,1,21,4,28,pc
1546005510124,5,1,21,4,28,iOS
1546005510123,2,1,21,4,28,Android
1546005510122,0,1,21,4,28,pc
1546005510122,1,1,21,4,28,Android
1546005510124,5,2,21,4,28,iOS
1546005510122,1,2,21,4,28,Android
1546005510123,2,2,21,4,28,Android
1546005510122,0,2,21,4,28,pc
1546005510122,1,3,21,4,28,Android
1546005510124,5,3,21,4,28,iOS
1546005510122,0,3,21,4,28,pc
1546005510123,2,3,21,4,28,Android
1546005510123,2,4,21,4,28,Android
1546005510124,5,4,21,4,28,iOS
1546005510122,0,4,21,4,28,pc
1546005510123,2,5,21,4,28,Android
1546005510124,5,5,21,4,28,iOS
1546005510124,5,6,21,4,28,iOS
1546005510123,2,6,21,4,28,Android
1546005510123,2,7,21,4,28,Android
1546005510124,5,7,21,4,28,iOS
1546005510123,2,8,21,4,28,Android
1546005510123,2,9,21,4,28,Android
1546005510415,0,0,21,4,28,iOS
1546005510416,2,0,21,4,28,Android
1546005510415,1,0,21,4,28,iOS
1546005510416,3,0,21,4,28,pc
1546005510417,4,0,21,4,28,Android
1546005510417,5,0,21,4,28,Android
1546005510418,6,0,21,4,28,iOS
1546005510418,7,0,21,4,28,iOS
1546005510416,3,1,21,4,28,pc
1546005510417,5,1,21,4,28,Android
1546005510416,2,1,21,4,28,Android
1546005510418,7,1,21,4,28,iOS
1546005510418,6,1,21,4,28,iOS
1546005510417,4,1,21,4,28,Android
1546005510415,1,1,21,4,28,iOS
1546005510415,0,1,21,4,28,iOS
1546005510416,2,2,21,4,28,Android
1546005510418,6,2,21,4,28,iOS
1546005510418,7,2,21,4,28,iOS
1546005510416,3,2,21,4,28,pc
1546005510415,1,2,21,4,28,iOS
1546005510416,2,3,21,4,28,Android
1546005510418,6,3,21,4,28,iOS
1546005510416,3,3,21,4,28,pc
1546005510415,1,3,21,4,28,iOS
1546005510416,3,4,21,4,28,pc
1546005510418,6,4,21,4,28,iOS
1546005510415,1,4,21,4,28,iOS
1546005510416,2,4,21,4,28,Android
1546005510418,6,5,21,4,28,iOS
1546005510416,2,5,21,4,28,Android
1546005510416,3,5,21,4,28,pc
1546005510416,3,6,21,4,28,pc
1546005510418,6,6,21,4,28,iOS
1546005510416,2,6,21,4,28,Android
1546005510416,2,7,21,4,28,Android
1546005510418,6,7,21,4,28,iOS
1546005510416,3,7,21,4,28,pc
1546005510416,3,8,21,4,28,pc
1546005510416,2,8,21,4,28,Android
1546005510418,6,8,21,4,28,iOS
1546005510416,2,9,21,4,28,Android
1546005510702,0,0,21,4,28,pc
1546005510703,2,0,21,4,28,pc
1546005510702,1,0,21,4,28,iOS
1546005510703,3,0,21,4,28,pc
1546005510704,4,0,21,4,28,pc
1546005510704,5,0,21,4,28,Android
1546005510704,6,0,21,4,28,pc
1546005510705,7,0,21,4,28,pc
1546005510703,2,1,21,4,28,pc
1546005510705,7,1,21,4,28,pc
1546005510704,6,1,21,4,28,pc
1546005510702,0,1,21,4,28,pc
1546005510702,1,1,21,4,28,iOS
1546005510703,2,2,21,4,28,pc
1546005510705,7,2,21,4,28,pc
1546005510702,0,2,21,4,28,pc
1546005510702,1,2,21,4,28,iOS
1546005510704,6,2,21,4,28,pc
1546005510704,6,3,21,4,28,pc
1546005510702,1,3,21,4,28,iOS
1546005510702,0,3,21,4,28,pc
1546005510702,1,4,21,4,28,iOS
1546005510702,0,4,21,4,28,pc
1546005510702,1,5,21,4,28,iOS
1546005510702,0,5,21,4,28,pc
1546005510702,1,6,21,4,28,iOS
1546005510934,0,0,21,4,28,pc
1546005510934,1,0,21,4,28,Android
1546005510935,2,0,21,4,28,pc
1546005510935,3,0,21,4,28,iOS
1546005510935,4,0,21,4,28,pc
1546005510935,5,0,21,4,28,pc
1546005510936,6,0,21,4,28,pc
1546005510936,7,0,21,4,28,pc
1546005510934,1,1,21,4,28,Android
1546005510935,3,1,21,4,28,iOS
1546005510935,4,1,21,4,28,pc
1546005510935,2,1,21,4,28,pc
1546005510935,5,1,21,4,28,pc
1546005510936,6,1,21,4,28,pc
1546005510936,7,1,21,4,28,pc
1546005510934,0,1,21,4,28,pc
1546005510936,6,2,21,4,28,pc
1546005510935,3,2,21,4,28,iOS
1546005510934,1,2,21,4,28,Android
1546005510934,0,2,21,4,28,pc
1546005510935,4,2,21,4,28,pc
1546005510936,7,2,21,4,28,pc
1546005510936,6,3,21,4,28,pc
1546005510935,4,3,21,4,28,pc

1546005510934,1,3,21,4,28,Android
1546005510934,0,3,21,4,28,pc
1546005510936,7,3,21,4,28,pc
1546005510936,7,4,21,4,28,pc
1546005510934,1,4,21,4,28,Android
1546005510934,0,4,21,4,28,pc
1546005510936,6,4,21,4,28,pc
1546005510935,4,4,21,4,28,pc
1546005510935,3,4,21,4,28,iOS
1546005510935,3,5,21,4,28,iOS
1546005510934,0,5,21,4,28,pc
1546005510936,7,5,21,4,28,pc
1546005510936,6,5,21,4,28,pc
1546005510936,6,6,21,4,28,pc
1546005510935,4,6,21,4,28,pc
1546005510935,3,6,21,4,28,iOS
1546005510936,7,6,21,4,28,pc
1546005510936,6,7,21,4,28,pc
1546005510935,4,7,21,4,28,pc
1546005510936,7,7,21,4,28,pc
1546005510936,6,8,21,4,28,pc
1546005510935,4,8,21,4,28,pc
1546005510936,6,9,21,4,28,pc
1546005511196,0,0,21,4,28,iOS
1546005511196,1,0,21,4,28,iOS
1546005511197,2,0,21,4,28,pc
1546005511197,3,0,21,4,28,Android
1546005511197,4,0,21,4,28,Android
1546005511198,5,0,21,4,28,Android
1546005511198,6,0,21,4,28,pc
1546005511198,7,0,21,4,28,iOS
1546005511198,7,1,21,4,28,iOS
1546005511197,3,1,21,4,28,Android
1546005511198,6,1,21,4,28,pc
1546005511196,1,1,21,4,28,iOS
1546005511197,2,1,21,4,28,pc
1546005511197,4,1,21,4,28,Android
1546005511196,0,1,21,4,28,iOS
1546005511198,5,1,21,4,28,Android
1546005511196,0,2,21,4,28,iOS
1546005511198,5,2,21,4,28,Android
1546005511198,6,2,21,4,28,pc
1546005511197,3,2,21,4,28,Android
1546005511197,4,2,21,4,28,Android
1546005511198,7,2,21,4,28,iOS
1546005511196,1,2,21,4,28,iOS
1546005511196,1,3,21,4,28,iOS
1546005511197,3,3,21,4,28,Android
1546005511196,0,3,21,4,28,iOS
1546005511198,7,3,21,4,28,iOS
1546005511196,1,4,21,4,28,iOS
1546005511198,7,4,21,4,28,iOS
1546005511196,0,4,21,4,28,iOS
1546005511197,3,4,21,4,28,Android
1546005511198,7,5,21,4,28,iOS
1546005511196,1,5,21,4,28,iOS
1546005511197,3,5,21,4,28,Android
1546005511198,7,6,21,4,28,iOS
1546005511196,1,6,21,4,28,iOS
1546005511197,3,6,21,4,28,Android
1546005511197,3,7,21,4,28,Android
1546005511198,7,7,21,4,28,iOS
1546005511198,7,8,21,4,28,iOS
1546005511448,0,0,21,4,28,pc
1546005511448,1,0,21,4,28,Android
1546005511449,2,0,21,4,28,pc
1546005511449,3,0,21,4,28,iOS
1546005511449,4,0,21,4,28,pc
1546005511450,5,0,21,4,28,Android
1546005511450,6,0,21,4,28,pc
1546005511450,7,0,21,4,28,iOS
1546005511448,1,1,21,4,28,Android
1546005511450,7,1,21,4,28,iOS
1546005511449,3,1,21,4,28,iOS
1546005511449,4,1,21,4,28,pc
1546005511448,0,1,21,4,28,pc
1546005511450,6,1,21,4,28,pc
1546005511449,2,1,21,4,28,pc
1546005511448,0,2,21,4,28,pc
1546005511450,6,2,21,4,28,pc
1546005511448,1,2,21,4,28,Android
1546005511449,3,2,21,4,28,iOS
1546005511449,2,2,21,4,28,pc
1546005511450,7,2,21,4,28,iOS
1546005511449,4,2,21,4,28,pc
1546005511450,6,3,21,4,28,pc
1546005511449,3,3,21,4,28,iOS
1546005511448,0,3,21,4,28,pc
1546005511449,4,3,21,4,28,pc
1546005511449,2,3,21,4,28,pc
1546005511448,1,3,21,4,28,Android
1546005511448,0,4,21,4,28,pc
1546005511450,6,4,21,4,28,pc
1546005511449,3,4,21,4,28,iOS
1546005511449,4,4,21,4,28,pc
1546005511448,1,4,21,4,28,Android
1546005511449,2,4,21,4,28,pc
1546005511448,0,5,21,4,28,pc
1546005511449,4,5,21,4,28,pc
1546005511450,6,5,21,4,28,pc
1546005511449,3,5,21,4,28,iOS
1546005511448,0,6,21,4,28,pc
1546005511450,6,6,21,4,28,pc
1546005511448,0,7,21,4,28,pc
1546005511450,6,7,21,4,28,pc
1546005511448,0,8,21,4,28,pc
1546005511450,6,8,21,4,28,pc
1546005511448,0,9,21,4,28,pc
1546005511715,0,0,21,4,28,pc
1546005511716,1,0,21,4,28,iOS
1546005511717,2,0,21,4,28,Android
1546005511718,3,0,21,4,28,iOS
1546005511720,4,0,21,4,28,Android
1546005511722,5,0,21,4,28,iOS
1546005511723,6,0,21,4,28,Android
1546005511725,7,0,21,4,28,iOS
1546005511720,4,1,21,4,28,Android
1546005511717,2,1,21,4,28,Android
1546005511716,1,1,21,4,28,iOS
1546005511725,7,1,21,4,28,iOS
1546005511715,0,1,21,4,28,pc
1546005511718,3,1,21,4,28,iOS
1546005511718,3,2,21,4,28,iOS
1546005511720,4,2,21,4,28,Android
1546005511717,2,2,21,4,28,Android
1546005511715,0,2,21,4,28,pc
1546005511716,1,2,21,4,28,iOS
1546005511720,4,3,21,4,28,Android
1546005511717,2,3,21,4,28,Android
1546005511716,1,3,21,4,28,iOS
1546005511715,0,3,21,4,28,pc
1546005511720,4,4,21,4,28,Android
1546005511717,2,4,21,4,28,Android
1546005511715,0,4,21,4,28,pc
1546005511716,1,4,21,4,28,iOS
1546005511717,2,5,21,4,28,Android
1546005511715,0,5,21,4,28,pc
1546005511720,4,5,21,4,28,Android
1546005511716,1,5,21,4,28,iOS
1546005511716,1,6,21,4,28,iOS
1546005511720,4,6,21,4,28,Android
1546005511717,2,6,21,4,28,Android
1546005511715,0,6,21,4,28,pc
1546005511716,1,7,21,4,28,iOS
1546005511720,4,7,21,4,28,Android
1546005511715,0,7,21,4,28,pc
1546005511716,1,8,21,4,28,iOS
1546005511720,4,8,21,4,28,Android
1546005511720,4,9,21,4,28,Android
1546005511994,0,0,21,4,28,iOS
1546005511995,1,0,21,4,28,iOS
1546005511996,2,0,21,4,28,pc
1546005511997,3,0,21,4,28,iOS
1546005511997,4,0,21,4,28,Android
1546005511999,5,0,21,4,28,pc
1546005511999,6,0,21,4,28,pc
1546005512001,7,0,21,4,28,pc
1546005511999,5,1,21,4,28,pc
1546005512001,7,1,21,4,28,pc
1546005511997,4,1,21,4,28,Android
1546005511999,6,1,21,4,28,pc
1546005511995,1,1,21,4,28,iOS
1546005511994,0,1,21,4,28,iOS
1546005511996,2,1,21,4,28,pc
1546005511997,3,1,21,4,28,iOS
1546005511999,6,2,21,4,28,pc
1546005511995,1,2,21,4,28,iOS
1546005511997,3,2,21,4,28,iOS
1546005512001,7,2,21,4,28,pc
1546005511997,4,2,21,4,28,Android
1546005511994,0,2,21,4,28,iOS
1546005511996,2,2,21,4,28,pc
1546005511999,5,2,21,4,28,pc
1546005511999,6,3,21,4,28,pc
1546005512001,7,3,21,4,28,pc
1546005511997,4,3,21,4,28,Android
1546005511994,0,3,21,4,28,iOS
1546005511997,3,3,21,4,28,iOS
1546005511999,5,3,21,4,28,pc
1546005511996,2,3,21,4,28,pc
1546005511994,0,4,21,4,28,iOS
1546005511997,3,4,21,4,28,iOS
1546005511996,2,4,21,4,28,pc
1546005512001,7,4,21,4,28,pc
1546005511999,5,4,21,4,28,pc
1546005511996,2,5,21,4,28,pc
1546005511997,3,5,21,4,28,iOS
1546005511999,5,5,21,4,28,pc
1546005512001,7,5,21,4,28,pc
1546005511997,3,6,21,4,28,iOS
1546005512001,7,6,21,4,28,pc
1546005511999,5,6,21,4,28,pc
1546005511996,2,6,21,4,28,pc
1546005512001,7,7,21,4,28,pc
1546005511996,2,7,21,4,28,pc
1546005512001,7,8,21,4,28,pc
1546005511996,2,8,21,4,28,pc
1546005512272,0,0,21,4,28,Android
1546005512272,1,0,21,4,28,pc
1546005512273,2,0,21,4,28,iOS
1546005512274,3,0,21,4,28,Android
1546005512275,4,0,21,4,28,pc
1546005512276,5,0,21,4,28,pc
1546005512276,6,0,21,4,28,iOS
1546005512276,7,0,21,4,28,Android
1546005512272,0,1,21,4,28,Android
1546005512274,3,1,21,4,28,Android
1546005512272,1,1,21,4,28,pc
1546005512276,6,1,21,4,28,iOS
1546005512276,7,1,21,4,28,Android
1546005512276,5,1,21,4,28,pc
1546005512273,2,1,21,4,28,iOS
1546005512273,2,2,21,4,28,iOS
1546005512276,5,2,21,4,28,pc
1546005512272,0,2,21,4,28,Android
1546005512276,7,2,21,4,28,Android
1546005512272,1,2,21,4,28,pc
1546005512276,5,3,21,4,28,pc
1546005512276,6,3,21,4,28,iOS
1546005512272,1,4,21,4,28,pc
1546005512276,6,4,21,4,28,iOS
1546005512276,5,4,21,4,28,pc
1546005512276,5,5,21,4,28,pc
1546005512272,1,5,21,4,28,pc
1546005512276,6,5,21,4,28,iOS
1546005512276,5,6,21,4,28,pc
1546005512276,5,7,21,4,28,pc
